   .150908E-04   .455274E-03   .455274E-03   .000000E+00   .158874E-15
   .153957E-04   .473854E-03   .473854E-03   .000000E+00   .172106E-15
   .157067E-04   .493193E-03   .493193E-03   .000000E+00   .188173E-15
   .160240E-04   .513320E-03   .513320E-03   .000000E+00   .203896E-15
   .163477E-04   .534269E-03   .534269E-03   .000000E+00   .221596E-15
   .166779E-04   .556073E-03   .556073E-03   .000000E+00   .240754E-15
   .170149E-04   .578767E-03   .578767E-03   .000000E+00   .262545E-15
   .173586E-04   .602387E-03   .602387E-03   .000000E+00   .284412E-15
   .177093E-04   .626970E-03   .626970E-03   .000000E+00   .310399E-15
   .180670E-04   .652557E-03   .652557E-03   .000000E+00   .337191E-15
   .184320E-04   .679189E-03   .679189E-03   .000000E+00   .366129E-15
   .188043E-04   .706907E-03   .706907E-03   .000000E+00   .398731E-15
   .191842E-04   .735756E-03   .735756E-03   .000000E+00   .431940E-15
   .195718E-04   .765783E-03   .765783E-03   .000000E+00   .467915E-15
   .199671E-04   .797035E-03   .797035E-03   .000000E+00   .509886E-15
   .203705E-04   .829562E-03   .829562E-03   .000000E+00   .553572E-15
   .207820E-04   .863417E-03   .863417E-03   .000000E+00   .600781E-15
   .212018E-04   .898654E-03   .898654E-03   .000000E+00   .653536E-15
   .216301E-04   .935329E-03   .935329E-03   .000000E+00   .707967E-15
   .220671E-04   .973500E-03   .973500E-03   .000000E+00   .766931E-15
   .225129E-04   .101323E-02   .101323E-02   .000000E+00   .834638E-15
   .229677E-04   .105458E-02   .105458E-02   .000000E+00   .905700E-15
   .234316E-04   .109762E-02   .109762E-02   .000000E+00   .982528E-15
   .239050E-04   .114241E-02   .114241E-02   .000000E+00   .106778E-14
   .243879E-04   .118903E-02   .118903E-02   .000000E+00   .115671E-14
   .248806E-04   .123756E-02   .123756E-02   .000000E+00   .125305E-14
   .253832E-04   .128807E-02   .128807E-02   .000000E+00   .136218E-14
   .258960E-04   .134063E-02   .134063E-02   .000000E+00   .147754E-14
   .264191E-04   .139534E-02   .139534E-02   .000000E+00   .160231E-14
   .269528E-04   .145229E-02   .145229E-02   .000000E+00   .173993E-14
   .274973E-04   .151156E-02   .151156E-02   .000000E+00   .188484E-14
   .280528E-04   .157324E-02   .157324E-02   .000000E+00   .204182E-14
   .286195E-04   .163745E-02   .163745E-02   .000000E+00   .221760E-14
   .291976E-04   .170427E-02   .170427E-02   .000000E+00   .240455E-14
   .297875E-04   .177383E-02   .177383E-02   .000000E+00   .260683E-14
   .303892E-04   .184622E-02   .184622E-02   .000000E+00   .282880E-14
   .310031E-04   .192156E-02   .192156E-02   .000000E+00   .306440E-14
   .316294E-04   .199998E-02   .199998E-02   .000000E+00   .331962E-14
   .322684E-04   .208160E-02   .208160E-02   .000000E+00   .360259E-14
   .329202E-04   .216655E-02   .216655E-02   .000000E+00   .390282E-14
   .335853E-04   .225497E-02   .225497E-02   .000000E+00   .423042E-14
   .342637E-04   .234700E-02   .234700E-02   .000000E+00   .458516E-14
   .349559E-04   .244278E-02   .244278E-02   .000000E+00   .497275E-14
   .356621E-04   .254247E-02   .254247E-02   .000000E+00   .538691E-14
   .363825E-04   .264623E-02   .264623E-02   .000000E+00   .584233E-14
   .371175E-04   .275422E-02   .275422E-02   .000000E+00   .632893E-14
   .378673E-04   .286662E-02   .286662E-02   .000000E+00   .685880E-14
   .386322E-04   .298361E-02   .298361E-02   .000000E+00   .743240E-14
   .394127E-04   .310537E-02   .310537E-02   .000000E+00   .805688E-14
   .402089E-04   .323210E-02   .323210E-02   .000000E+00   .872789E-14
   .410211E-04   .336401E-02   .336401E-02   .000000E+00   .945479E-14
   .418498E-04   .350129E-02   .350129E-02   .000000E+00   .102487E-13
   .426952E-04   .364418E-02   .364418E-02   .000000E+00   .111045E-13
   .435577E-04   .379290E-02   .379290E-02   .000000E+00   .120311E-13
   .444377E-04   .394769E-02   .394769E-02   .000000E+00   .130370E-13
   .453354E-04   .410879E-02   .410879E-02   .000000E+00   .141228E-13
   .462512E-04   .427647E-02   .427647E-02   .000000E+00   .152990E-13
   .471855E-04   .445100E-02   .445100E-02   .000000E+00   .165764E-13
   .481387E-04   .463264E-02   .463264E-02   .000000E+00   .179570E-13
   .491112E-04   .482170E-02   .482170E-02   .000000E+00   .194532E-13
   .501033E-04   .501847E-02   .501847E-02   .000000E+00   .210737E-13
   .511155E-04   .522328E-02   .522328E-02   .000000E+00   .228284E-13
   .521481E-04   .543644E-02   .543644E-02   .000000E+00   .247296E-13
   .532015E-04   .565830E-02   .565830E-02   .000000E+00   .267853E-13
   .542763E-04   .588921E-02   .588921E-02   .000000E+00   .290160E-13
   .553727E-04   .612955E-02   .612955E-02   .000000E+00   .314298E-13
   .564913E-04   .637969E-02   .637969E-02   .000000E+00   .340441E-13
   .576325E-04   .664005E-02   .664005E-02   .000000E+00   .368699E-13
   .587968E-04   .691103E-02   .691102E-02   .000000E+00   .399405E-13
   .599846E-04   .719306E-02   .719306E-02   .000000E+00   .432668E-13
   .611963E-04   .748661E-02   .748661E-02   .000000E+00   .468509E-13
   .624326E-04   .779213E-02   .779213E-02   .000000E+00   .507520E-13
   .636938E-04   .811012E-02   .811012E-02   .000000E+00   .549691E-13
   .649805E-04   .844109E-02   .844109E-02   .000000E+00   .595365E-13
   .662932E-04   .878557E-02   .878557E-02   .000000E+00   .644663E-13
   .676324E-04   .914410E-02   .914410E-02   .000000E+00   .698351E-13
   .689987E-04   .951726E-02   .951726E-02   .000000E+00   .756049E-13
   .703925E-04   .990565E-02   .990565E-02   .000000E+00   .819011E-13
   .718146E-04   .103099E-01   .103099E-01   .000000E+00   .886988E-13
   .732653E-04   .107306E-01   .107306E-01   .000000E+00   .960630E-13
   .747454E-04   .111685E-01   .111685E-01   .000000E+00   .104004E-12
   .762553E-04   .116243E-01   .116243E-01   .000000E+00   .112665E-12
   .777958E-04   .120987E-01   .120987E-01   .000000E+00   .122047E-12
   .793674E-04   .125924E-01   .125924E-01   .000000E+00   .132112E-12
   .809707E-04   .131063E-01   .131063E-01   .000000E+00   .143111E-12
   .826064E-04   .136411E-01   .136411E-01   .000000E+00   .154984E-12
   .842752E-04   .141978E-01   .141978E-01   .000000E+00   .167845E-12
   .859776E-04   .147772E-01   .147772E-01   .000000E+00   .181703E-12
   .877145E-04   .153802E-01   .153802E-01   .000000E+00   .196834E-12
   .894865E-04   .160079E-01   .160079E-01   .000000E+00   .213049E-12
   .912942E-04   .166611E-01   .166611E-01   .000000E+00   .230790E-12
   .931385E-04   .173410E-01   .173410E-01   .000000E+00   .249925E-12
   .950200E-04   .180487E-01   .180487E-01   .000000E+00   .270657E-12
   .969395E-04   .187852E-01   .187852E-01   .000000E+00   .292990E-12
   .988978E-04   .195518E-01   .195518E-01   .000000E+00   .317388E-12
   .100896E-03   .203496E-01   .203496E-01   .000000E+00   .343817E-12
   .102934E-03   .211800E-01   .211800E-01   .000000E+00   .372125E-12
   .105013E-03   .220443E-01   .220443E-01   .000000E+00   .403102E-12
   .107135E-03   .229439E-01   .229439E-01   .000000E+00   .436527E-12
   .109299E-03   .238802E-01   .238801E-01   .000000E+00   .472733E-12
   .111507E-03   .248546E-01   .248546E-01   .000000E+00   .511733E-12
   .113760E-03   .258689E-01   .258688E-01   .000000E+00   .554344E-12
   .116058E-03   .269245E-01   .269244E-01   .000000E+00   .599986E-12
   .118402E-03   .280231E-01   .280231E-01   .000000E+00   .649941E-12
   .120794E-03   .291667E-01   .291666E-01   .000000E+00   .703819E-12
   .123234E-03   .303568E-01   .303568E-01   .000000E+00   .762197E-12
   .125724E-03   .315955E-01   .315955E-01   .000000E+00   .825091E-12
   .128264E-03   .328848E-01   .328848E-01   .000000E+00   .893789E-12
   .130855E-03   .342267E-01   .342266E-01   .000000E+00   .968206E-12
   .133498E-03   .356233E-01   .356232E-01   .000000E+00   .104795E-11
   .136195E-03   .370769E-01   .370768E-01   .000000E+00   .113518E-11
   .138946E-03   .385898E-01   .385897E-01   .000000E+00   .122932E-11
   .141753E-03   .401644E-01   .401643E-01   .000000E+00   .133130E-11
   .144617E-03   .418032E-01   .418032E-01   .000000E+00   .144121E-11
   .147538E-03   .435090E-01   .435089E-01   .000000E+00   .156120E-11
   .150519E-03   .452843E-01   .452842E-01   .000000E+00   .168989E-11
   .153559E-03   .471320E-01   .471319E-01   .000000E+00   .183057E-11
   .156661E-03   .490551E-01   .490550E-01   .000000E+00   .198238E-11
   .159826E-03   .510566E-01   .510566E-01   .000000E+00   .214687E-11
   .163055E-03   .531398E-01   .531398E-01   .000000E+00   .232424E-11
   .166349E-03   .553080E-01   .553079E-01   .000000E+00   .251772E-11
   .169709E-03   .575647E-01   .575646E-01   .000000E+00   .272730E-11
   .173138E-03   .599133E-01   .599132E-01   .000000E+00   .295234E-11
   .176635E-03   .623578E-01   .623577E-01   .000000E+00   .319727E-11
   .180204E-03   .649020E-01   .649019E-01   .000000E+00   .346288E-11
   .183844E-03   .675500E-01   .675498E-01   .000000E+00   .374899E-11
   .187558E-03   .703059E-01   .703058E-01   .000000E+00   .406102E-11
   .191347E-03   .731743E-01   .731742E-01   .000000E+00   .439902E-11
   .195212E-03   .761597E-01   .761595E-01   .000000E+00   .476325E-11
   .199156E-03   .792668E-01   .792666E-01   .000000E+00   .515843E-11
   .203179E-03   .825006E-01   .825004E-01   .000000E+00   .558692E-11
   .207283E-03   .858663E-01   .858661E-01   .000000E+00   .605081E-11
   .211471E-03   .893693E-01   .893691E-01   .000000E+00   .655162E-11
   .215743E-03   .930151E-01   .930149E-01   .000000E+00   .709681E-11
   .220101E-03   .968096E-01   .968094E-01   .000000E+00   .768657E-11
   .224547E-03   .100759E+00   .100759E+00   .000000E+00   .832276E-11
   .229084E-03   .104869E+00   .104869E+00   .000000E+00   .901420E-11
   .233711E-03   .109147E+00   .109147E+00   .000000E+00   .976258E-11
   .238433E-03   .113599E+00   .113599E+00   .000000E+00   .105717E-10
   .243249E-03   .118233E+00   .118233E+00   .000000E+00   .114512E-10
   .248163E-03   .123056E+00   .123055E+00   .000000E+00   .124039E-10
   .253177E-03   .128075E+00   .128075E+00   .000000E+00   .134324E-10
   .258291E-03   .133299E+00   .133299E+00   .000000E+00   .145466E-10
   .263509E-03   .138736E+00   .138736E+00   .000000E+00   .157552E-10
   .268832E-03   .144395E+00   .144394E+00   .000000E+00   .170651E-10
   .274263E-03   .150284E+00   .150283E+00   .000000E+00   .184805E-10
   .279803E-03   .156413E+00   .156412E+00   .000000E+00   .200169E-10
   .285456E-03   .162792E+00   .162791E+00   .000000E+00   .216784E-10
   .291222E-03   .169431E+00   .169430E+00   .000000E+00   .234789E-10
   .297105E-03   .176341E+00   .176340E+00   .000000E+00   .254301E-10
   .303107E-03   .183532E+00   .183531E+00   .000000E+00   .275416E-10
   .309231E-03   .191016E+00   .191015E+00   .000000E+00   .298298E-10
   .315477E-03   .198805E+00   .198804E+00   .000000E+00   .323073E-10
   .321851E-03   .206912E+00   .206911E+00   .000000E+00   .349905E-10
   .328352E-03   .215349E+00   .215347E+00   .000000E+00   .378972E-10
   .334985E-03   .224129E+00   .224128E+00   .000000E+00   .410456E-10
   .341753E-03   .233267E+00   .233266E+00   .000000E+00   .444550E-10
   .348657E-03   .242777E+00   .242776E+00   .000000E+00   .481481E-10
   .355700E-03   .252675E+00   .252674E+00   .000000E+00   .521477E-10
   .362885E-03   .262976E+00   .262974E+00   .000000E+00   .564794E-10
   .370216E-03   .273696E+00   .273694E+00   .000000E+00   .611711E-10
   .377695E-03   .284853E+00   .284851E+00   .000000E+00   .662521E-10
   .385325E-03   .296464E+00   .296461E+00   .000000E+00   .717550E-10
   .393109E-03   .308547E+00   .308545E+00   .000000E+00   .777150E-10
   .401050E-03   .321123E+00   .321120E+00   .000000E+00   .841692E-10
   .409152E-03   .334210E+00   .334207E+00   .000000E+00   .911593E-10
   .417418E-03   .347830E+00   .347827E+00   .000000E+00   .987293E-10
   .425850E-03   .362004E+00   .362001E+00   .000000E+00   .106928E-09
   .434453E-03   .376755E+00   .376752E+00   .000000E+00   .115806E-09
   .443229E-03   .392107E+00   .392103E+00   .000000E+00   .125420E-09
   .452183E-03   .408082E+00   .408078E+00   .000000E+00   .135834E-09
   .461318E-03   .424707E+00   .424703E+00   .000000E+00   .147107E-09
   .470637E-03   .442009E+00   .442004E+00   .000000E+00   .159319E-09
   .480145E-03   .460014E+00   .460008E+00   .000000E+00   .172540E-09
   .489844E-03   .478751E+00   .478745E+00   .000000E+00   .186859E-09
   .499740E-03   .498249E+00   .498243E+00   .000000E+00   .202364E-09
   .509835E-03   .518541E+00   .518534E+00   .000000E+00   .219144E-09
   .520134E-03   .539656E+00   .539649E+00   .000000E+00   .237301E-09
   .530642E-03   .561630E+00   .561622E+00   .000000E+00   .256964E-09
   .541361E-03   .584497E+00   .584488E+00   .000000E+00   .278252E-09
   .552298E-03   .608292E+00   .608282E+00   .000000E+00   .301294E-09
   .563455E-03   .633053E+00   .633043E+00   .000000E+00   .326249E-09
   .574837E-03   .658820E+00   .658809E+00   .000000E+00   .353255E-09
   .586450E-03   .685633E+00   .685621E+00   .000000E+00   .382492E-09
   .598297E-03   .713534E+00   .713521E+00   .000000E+00   .414143E-09
   .610383E-03   .742567E+00   .742553E+00   .000000E+00   .448400E-09
   .622714E-03   .772778E+00   .772762E+00   .000000E+00   .485488E-09
   .635294E-03   .804214E+00   .804197E+00   .000000E+00   .525632E-09
   .648127E-03   .836924E+00   .836906E+00   .000000E+00   .569080E-09
   .661220E-03   .870961E+00   .870942E+00   .000000E+00   .616106E-09
   .674578E-03   .906377E+00   .906356E+00   .000000E+00   .667003E-09
   .688205E-03   .943228E+00   .943205E+00   .000000E+00   .722088E-09
   .702108E-03   .981572E+00   .981547E+00   .000000E+00   .781701E-09
   .716292E-03   .102147E+01   .102144E+01   .000000E+00   .846219E-09
   .730762E-03   .106298E+01   .106295E+01   .000000E+00   .916039E-09
   .745524E-03   .110617E+01   .110614E+01   .000000E+00   .991580E-09
   .760585E-03   .115111E+01   .115108E+01   .000000E+00   .107334E-08
   .775949E-03   .119787E+01   .119783E+01   .000000E+00   .116180E-08
   .791625E-03   .124651E+01   .124647E+01   .000000E+00   .125750E-08
   .807616E-03   .129712E+01   .129708E+01   .000000E+00   .136107E-08
   .823931E-03   .134978E+01   .134973E+01   .000000E+00   .147309E-08
   .840576E-03   .140457E+01   .140451E+01   .000000E+00   .159430E-08
   .857557E-03   .146156E+01   .146151E+01   .000000E+00   .172542E-08
   .874880E-03   .152086E+01   .152080E+01   .000000E+00   .186726E-08
   .892554E-03   .158254E+01   .158248E+01   .000000E+00   .202069E-08
   .910585E-03   .164672E+01   .164665E+01   .000000E+00   .218665E-08
   .928980E-03   .171348E+01   .171340E+01   .000000E+00   .236615E-08
   .947747E-03   .178293E+01   .178284E+01   .000000E+00   .256028E-08
   .966892E-03   .185517E+01   .185508E+01   .000000E+00   .277023E-08
   .986425E-03   .193032E+01   .193023E+01   .000000E+00   .299727E-08
   .100635E-02   .200850E+01   .200840E+01   .000000E+00   .324279E-08
   .102668E-02   .208982E+01   .208971E+01   .000000E+00   .350826E-08
   .104742E-02   .217440E+01   .217428E+01   .000000E+00   .379530E-08
   .106858E-02   .226239E+01   .226225E+01   .000000E+00   .410565E-08
   .109017E-02   .235390E+01   .235376E+01   .000000E+00   .444115E-08
   .111219E-02   .244909E+01   .244893E+01   .000000E+00   .480386E-08
   .113466E-02   .254809E+01   .254792E+01   .000000E+00   .519593E-08
   .115758E-02   .265105E+01   .265087E+01   .000000E+00   .561972E-08
   .118097E-02   .275814E+01   .275795E+01   .000000E+00   .607775E-08
   .120482E-02   .286952E+01   .286930E+01   .000000E+00   .657280E-08
   .122916E-02   .298535E+01   .298512E+01   .000000E+00   .710780E-08
   .125399E-02   .310580E+01   .310555E+01   .000000E+00   .768591E-08
   .127932E-02   .323107E+01   .323080E+01   .000000E+00   .831060E-08
   .130517E-02   .336133E+01   .336104E+01   .000000E+00   .898554E-08
   .133153E-02   .349679E+01   .349647E+01   .000000E+00   .971477E-08
   .135843E-02   .363765E+01   .363730E+01   .000000E+00   .105026E-07
   .138588E-02   .378411E+01   .378374E+01   .000000E+00   .113536E-07
   .141387E-02   .393640E+01   .393599E+01   .000000E+00   .122729E-07
   .144243E-02   .409474E+01   .409430E+01   .000000E+00   .132658E-07
   .147157E-02   .425937E+01   .425890E+01   .000000E+00   .143382E-07
   .150130E-02   .443053E+01   .443002E+01   .000000E+00   .154963E-07
   .153163E-02   .460848E+01   .460792E+01   .000000E+00   .167469E-07
   .156257E-02   .479348E+01   .479287E+01   .000000E+00   .180974E-07
   .159414E-02   .498579E+01   .498514E+01   .000000E+00   .195556E-07
   .162634E-02   .518572E+01   .518501E+01   .000000E+00   .211300E-07
   .165919E-02   .539353E+01   .539277E+01   .000000E+00   .228296E-07
   .169271E-02   .560955E+01   .560873E+01   .000000E+00   .246645E-07
   .172691E-02   .583409E+01   .583319E+01   .000000E+00   .266452E-07
   .176179E-02   .606747E+01   .606650E+01   .000000E+00   .287833E-07
   .179738E-02   .631003E+01   .630898E+01   .000000E+00   .310909E-07
   .183369E-02   .656213E+01   .656099E+01   .000000E+00   .335815E-07
   .187074E-02   .682412E+01   .682289E+01   .000000E+00   .362696E-07
   .190853E-02   .709639E+01   .709506E+01   .000000E+00   .391704E-07
   .194708E-02   .737933E+01   .737788E+01   .000000E+00   .423008E-07
   .198642E-02   .767333E+01   .767177E+01   .000000E+00   .456788E-07
   .202654E-02   .797884E+01   .797714E+01   .000000E+00   .493237E-07
   .206748E-02   .829627E+01   .829443E+01   .000000E+00   .532565E-07
   .210925E-02   .862608E+01   .862409E+01   .000000E+00   .574999E-07
   .215186E-02   .896874E+01   .896659E+01   .000000E+00   .620781E-07
   .219533E-02   .932473E+01   .932241E+01   .000000E+00   .670173E-07
   .223968E-02   .969456E+01   .969204E+01   .000000E+00   .723460E-07
   .228492E-02   .100787E+02   .100760E+02   .000000E+00   .780947E-07
   .233108E-02   .104778E+02   .104749E+02   .000000E+00   .842963E-07
   .237817E-02   .108923E+02   .108891E+02   .000000E+00   .909863E-07
   .242621E-02   .113229E+02   .113194E+02   .000000E+00   .982031E-07
   .247523E-02   .117701E+02   .117663E+02   .000000E+00   .105988E-06
   .252523E-02   .122345E+02   .122304E+02   .000000E+00   .114385E-06
   .257624E-02   .127168E+02   .127124E+02   .000000E+00   .123444E-06
   .262829E-02   .132176E+02   .132129E+02   .000000E+00   .133214E-06
   .268138E-02   .137377E+02   .137326E+02   .000000E+00   .143753E-06
   .273555E-02   .142778E+02   .142722E+02   .000000E+00   .155121E-06
   .279081E-02   .148385E+02   .148324E+02   .000000E+00   .167382E-06
   .284719E-02   .154206E+02   .154141E+02   .000000E+00   .180607E-06
   .290471E-02   .160250E+02   .160179E+02   .000000E+00   .194871E-06
   .296338E-02   .166523E+02   .166447E+02   .000000E+00   .210255E-06
   .302325E-02   .173036E+02   .172953E+02   .000000E+00   .226848E-06
   .308432E-02   .179796E+02   .179707E+02   .000000E+00   .244743E-06
   .314663E-02   .186812E+02   .186716E+02   .000000E+00   .264043E-06
   .321020E-02   .194094E+02   .193990E+02   .000000E+00   .284857E-06
   .327505E-02   .201651E+02   .201538E+02   .000000E+00   .307304E-06
   .334121E-02   .209493E+02   .209371E+02   .000000E+00   .331511E-06
   .340870E-02   .217631E+02   .217498E+02   .000000E+00   .357615E-06
   .347756E-02   .226074E+02   .225930E+02   .000000E+00   .385764E-06
   .354782E-02   .234833E+02   .234678E+02   .000000E+00   .416116E-06
   .361949E-02   .243921E+02   .243753E+02   .000000E+00   .448845E-06
   .369260E-02   .253348E+02   .253166E+02   .000000E+00   .484134E-06
   .376720E-02   .263126E+02   .262930E+02   .000000E+00   .522182E-06
   .384330E-02   .273268E+02   .273056E+02   .000000E+00   .563204E-06
   .392094E-02   .283787E+02   .283557E+02   .000000E+00   .607430E-06
   .400015E-02   .294695E+02   .294446E+02   .000000E+00   .655108E-06
   .408096E-02   .306006E+02   .305737E+02   .000000E+00   .706507E-06
   .416340E-02   .317734E+02   .317443E+02   .000000E+00   .761915E-06
   .424751E-02   .329894E+02   .329579E+02   .000000E+00   .821643E-06
   .433331E-02   .342500E+02   .342159E+02   .000000E+00   .886024E-06
   .442085E-02   .355567E+02   .355198E+02   .000000E+00   .955420E-06
   .451016E-02   .369111E+02   .368713E+02   .000000E+00   .103022E-05
   .460127E-02   .383148E+02   .382718E+02   .000000E+00   .111084E-05
   .469422E-02   .397696E+02   .397230E+02   .000000E+00   .119772E-05
   .478905E-02   .412770E+02   .412267E+02   .000000E+00   .129137E-05
   .488579E-02   .428390E+02   .427845E+02   .000000E+00   .139229E-05
   .498449E-02   .444572E+02   .443983E+02   .000000E+00   .150104E-05
   .508519E-02   .461334E+02   .460697E+02   .000000E+00   .161829E-05
   .518792E-02   .478696E+02   .478008E+02   .000000E+00   .174470E-05
   .529272E-02   .496679E+02   .495934E+02   .000000E+00   .188092E-05
   .539964E-02   .515301E+02   .514496E+02   .000000E+00   .202771E-05
   .550872E-02   .534584E+02   .533714E+02   .000000E+00   .218589E-05
   .562000E-02   .554550E+02   .553610E+02   .000000E+00   .235631E-05
   .573353E-02   .575220E+02   .574203E+02   .000000E+00   .253993E-05
   .584936E-02   .596616E+02   .595517E+02   .000000E+00   .273775E-05
   .596752E-02   .618762E+02   .617574E+02   .000000E+00   .295085E-05
   .608808E-02   .641681E+02   .640397E+02   .000000E+00   .318041E-05
   .621106E-02   .665397E+02   .664010E+02   .000000E+00   .342767E-05
   .633653E-02   .689934E+02   .688436E+02   .000000E+00   .369398E-05
   .646454E-02   .715319E+02   .713700E+02   .000000E+00   .398079E-05
   .659513E-02   .741577E+02   .739827E+02   .000000E+00   .428965E-05
   .672836E-02   .768734E+02   .766844E+02   .000000E+00   .462223E-05
   .686429E-02   .796818E+02   .794776E+02   .000000E+00   .498034E-05
   .700295E-02   .825856E+02   .823650E+02   .000000E+00   .536589E-05
   .714442E-02   .855876E+02   .853493E+02   .000000E+00   .578094E-05
   .728875E-02   .886907E+02   .884333E+02   .000000E+00   .622772E-05
   .743599E-02   .918979E+02   .916199E+02   .000000E+00   .670861E-05
   .758621E-02   .952121E+02   .949119E+02   .000000E+00   .722615E-05
   .773946E-02   .986364E+02   .983122E+02   .000000E+00   .778307E-05
   .789581E-02   .102174E+03   .101824E+03   .000000E+00   .838229E-05
   .805531E-02   .105828E+03   .105450E+03   .000000E+00   .902696E-05
   .821804E-02   .109601E+03   .109193E+03   .000000E+00   .972044E-05
   .838406E-02   .113497E+03   .113057E+03   .000000E+00   .104663E-04
   .855343E-02   .117519E+03   .117044E+03   .000000E+00   .112684E-04
   .872622E-02   .121670E+03   .121158E+03   .000000E+00   .121309E-04
   .890250E-02   .125955E+03   .125401E+03   .000000E+00   .130582E-04
   .908234E-02   .130375E+03   .129778E+03   .000000E+00   .140550E-04
   .926582E-02   .134935E+03   .134291E+03   .000000E+00   .151262E-04
   .945300E-02   .139638E+03   .138944E+03   .000000E+00   .162774E-04
   .964396E-02   .144488E+03   .143739E+03   .000000E+00   .175143E-04
   .983878E-02   .149488E+03   .148680E+03   .000000E+00   .188428E-04
   .100375E-01   .154677E+03   .153808E+03   .000000E+00   .202094E-04
   .102403E-01   .159989E+03   .159052E+03   .000000E+00   .217365E-04
   .104472E-01   .165462E+03   .164452E+03   .000000E+00   .233759E-04
   .106582E-01   .171100E+03   .170011E+03   .000000E+00   .251356E-04
   .108735E-01   .176905E+03   .175732E+03   .000000E+00   .270239E-04
   .110932E-01   .182882E+03   .181618E+03   .000000E+00   .290499E-04
   .113173E-01   .189034E+03   .187672E+03   .000000E+00   .312229E-04
   .115459E-01   .195364E+03   .193898E+03   .000000E+00   .335530E-04
   .117792E-01   .201876E+03   .200297E+03   .000000E+00   .360509E-04
   .120171E-01   .208573E+03   .206874E+03   .000000E+00   .387279E-04
   .122599E-01   .215459E+03   .213630E+03   .000000E+00   .415960E-04
   .125075E-01   .222537E+03   .220568E+03   .000000E+00   .446678E-04
   .127602E-01   .229810E+03   .227692E+03   .000000E+00   .479566E-04
   .130180E-01   .237281E+03   .235002E+03   .000000E+00   .514767E-04
   .132810E-01   .244953E+03   .242502E+03   .000000E+00   .552428E-04
   .135493E-01   .252828E+03   .250193E+03   .000000E+00   .592707E-04
   .138230E-01   .260911E+03   .258078E+03   .000000E+00   .635768E-04
   .141022E-01   .269202E+03   .266158E+03   .000000E+00   .681782E-04
   .143871E-01   .277705E+03   .274435E+03   .000000E+00   .730933E-04
   .146777E-01   .286422E+03   .282909E+03   .000000E+00   .783409E-04
   .149742E-01   .295354E+03   .291583E+03   .000000E+00   .839407E-04
   .152767E-01   .304504E+03   .300455E+03   .000000E+00   .899134E-04
   .155854E-01   .313873E+03   .309528E+03   .000000E+00   .962804E-04
   .159002E-01   .323462E+03   .318802E+03   .000000E+00   .103064E-03
   .162214E-01   .333273E+03   .328275E+03   .000000E+00   .110287E-03
   .165491E-01   .343306E+03   .337948E+03   .000000E+00   .117973E-03
   .168834E-01   .353562E+03   .347820E+03   .000000E+00   .126147E-03
   .172245E-01   .364040E+03   .357890E+03   .000000E+00   .134833E-03
   .175724E-01   .374742E+03   .368156E+03   .000000E+00   .144058E-03
   .179274E-01   .385666E+03   .378617E+03   .000000E+00   .153846E-03
   .182896E-01   .396811E+03   .389271E+03   .000000E+00   .164226E-03
   .186591E-01   .408178E+03   .400114E+03   .000000E+00   .175222E-03
   .190360E-01   .419763E+03   .411145E+03   .000000E+00   .186862E-03
   .194206E-01   .431566E+03   .422359E+03   .000000E+00   .199171E-03
   .198129E-01   .443584E+03   .433753E+03   .000000E+00   .212176E-03
   .202131E-01   .455815E+03   .445323E+03   .000000E+00   .225903E-03
   .206215E-01   .468256E+03   .457066E+03   .000000E+00   .240374E-03
   .210380E-01   .480904E+03   .468976E+03   .000000E+00   .255615E-03
   .214630E-01   .493756E+03   .481048E+03   .000000E+00   .271645E-03
   .218966E-01   .506808E+03   .493278E+03   .000000E+00   .288485E-03
   .223390E-01   .520055E+03   .505660E+03   .000000E+00   .306153E-03
   .227902E-01   .533495E+03   .518190E+03   .000000E+00   .324661E-03
   .232506E-01   .547122E+03   .530861E+03   .000000E+00   .344022E-03
   .237203E-01   .560933E+03   .543669E+03   .000000E+00   .364241E-03
   .241995E-01   .574923E+03   .556608E+03   .000000E+00   .385322E-03
   .246884E-01   .589087E+03   .569674E+03   .000000E+00   .407261E-03
   .251871E-01   .603422E+03   .582863E+03   .000000E+00   .430050E-03
   .256959E-01   .617924E+03   .596169E+03   .000000E+00   .453672E-03
   .262150E-01   .632589E+03   .609591E+03   .000000E+00   .478105E-03
   .267446E-01   .647414E+03   .623124E+03   .000000E+00   .503316E-03
   .272849E-01   .662397E+03   .636769E+03   .000000E+00   .529265E-03
   .278360E-01   .677535E+03   .650524E+03   .000000E+00   .555901E-03
   .283984E-01   .692828E+03   .664391E+03   .000000E+00   .583162E-03
   .289721E-01   .708277E+03   .678373E+03   .000000E+00   .610975E-03
   .295573E-01   .723883E+03   .692473E+03   .000000E+00   .639251E-03
   .301544E-01   .739649E+03   .706699E+03   .000000E+00   .667891E-03
   .307636E-01   .755579E+03   .721058E+03   .000000E+00   .696780E-03
   .313851E-01   .771681E+03   .735564E+03   .000000E+00   .725788E-03
   .320191E-01   .787962E+03   .750229E+03   .000000E+00   .754770E-03
   .326659E-01   .804434E+03   .765071E+03   .000000E+00   .783564E-03
   .333258E-01   .821110E+03   .780111E+03   .000000E+00   .811991E-03
   .339990E-01   .838006E+03   .795371E+03   .000000E+00   .839856E-03
   .346859E-01   .855140E+03   .810881E+03   .000000E+00   .866950E-03
   .353866E-01   .872535E+03   .826671E+03   .000000E+00   .893046E-03
   .361014E-01   .890216E+03   .842776E+03   .000000E+00   .917903E-03
   .368307E-01   .908210E+03   .859235E+03   .000000E+00   .941266E-03
   .375747E-01   .926549E+03   .876091E+03   .000000E+00   .962869E-03
   .383338E-01   .945267E+03   .893392E+03   .000000E+00   .982440E-03
   .391082E-01   .964401E+03   .911186E+03   .000000E+00   .999697E-03
   .398982E-01   .983993E+03   .929528E+03   .000000E+00   .101436E-02
   .407042E-01   .100409E+04   .948475E+03   .000000E+00   .102614E-02
   .415265E-01   .102472E+04   .968084E+03   .000000E+00   .103478E-02
   .423654E-01   .104595E+04   .988416E+03   .000000E+00   .104001E-02
   .432212E-01   .106783E+04   .100953E+04   .000000E+00   .104159E-02
   .440944E-01   .109039E+04   .103149E+04   .000000E+00   .103933E-02
   .449851E-01   .111369E+04   .105436E+04   .000000E+00   .103303E-02
   .458939E-01   .113777E+04   .107818E+04   .000000E+00   .102258E-02
   .468210E-01   .116269E+04   .110301E+04   .000000E+00   .100790E-02
   .477669E-01   .118848E+04   .112890E+04   .000000E+00   .988995E-03
   .487318E-01   .121517E+04   .115588E+04   .000000E+00   .965928E-03
   .497163E-01   .124279E+04   .118398E+04   .000000E+00   .938861E-03
   .507206E-01   .127137E+04   .121320E+04   .000000E+00   .908051E-03
   .517452E-01   .130091E+04   .124356E+04   .000000E+00   .873863E-03
   .527905E-01   .133141E+04   .127503E+04   .000000E+00   .836778E-03
   .538570E-01   .136285E+04   .130758E+04   .000000E+00   .797402E-03
   .549450E-01   .139519E+04   .134113E+04   .000000E+00   .756471E-03
   .560549E-01   .142840E+04   .137563E+04   .000000E+00   .714852E-03
   .571873E-01   .146240E+04   .141095E+04   .000000E+00   .673541E-03
   .583426E-01   .149709E+04   .144696E+04   .000000E+00   .633662E-03
   .595212E-01   .153239E+04   .148352E+04   .000000E+00   .596454E-03
   .607236E-01   .156815E+04   .152044E+04   .000000E+00   .563256E-03
   .619503E-01   .160424E+04   .155751E+04   .000000E+00   .535485E-03
   .632017E-01   .164048E+04   .159451E+04   .000000E+00   .514607E-03
   .644785E-01   .167671E+04   .163119E+04   .000000E+00   .502104E-03
   .657811E-01   .171272E+04   .166731E+04   .000000E+00   .499425E-03
   .671099E-01   .174833E+04   .170260E+04   .000000E+00   .507942E-03
   .684656E-01   .178333E+04   .173680E+04   .000000E+00   .528889E-03
   .698487E-01   .181754E+04   .176967E+04   .000000E+00   .563299E-03
   .712598E-01   .185075E+04   .180098E+04   .000000E+00   .611938E-03
   .726993E-01   .188283E+04   .183054E+04   .000000E+00   .675234E-03
   .741679E-01   .191364E+04   .185820E+04   .000000E+00   .753209E-03
   .756662E-01   .194308E+04   .188388E+04   .000000E+00   .845411E-03
   .771948E-01   .197113E+04   .190756E+04   .000000E+00   .950859E-03
   .787542E-01   .199779E+04   .192931E+04   .000000E+00   .106799E-02
   .803452E-01   .202316E+04   .194929E+04   .000000E+00   .119465E-02
   .819682E-01   .204740E+04   .196776E+04   .000000E+00   .132806E-02
   .836241E-01   .207075E+04   .198507E+04   .000000E+00   .146485E-02
   .853134E-01   .209353E+04   .200171E+04   .000000E+00   .160113E-02
   .870369E-01   .211613E+04   .201823E+04   .000000E+00   .173256E-02
   .887951E-01   .213902E+04   .203529E+04   .000000E+00   .185450E-02
   .905889E-01   .216271E+04   .205361E+04   .000000E+00   .196218E-02
   .924189E-01   .218778E+04   .207394E+04   .000000E+00   .205090E-02
   .942859E-01   .221478E+04   .209705E+04   .000000E+00   .211630E-02
   .961906E-01   .224428E+04   .212368E+04   .000000E+00   .215466E-02
   .981338E-01   .227679E+04   .215446E+04   .000000E+00   .216315E-02
   .100116E+00   .231272E+04   .218994E+04   .000000E+00   .214014E-02
   .102139E+00   .235239E+04   .223044E+04   .000000E+00   .208551E-02
   .104202E+00   .239592E+04   .227608E+04   .000000E+00   .200084E-02
   .106307E+00   .244327E+04   .232671E+04   .000000E+00   .188957E-02
   .108455E+00   .249417E+04   .238189E+04   .000000E+00   .175710E-02
   .110646E+00   .254812E+04   .244085E+04   .000000E+00   .161067E-02
   .112881E+00   .260438E+04   .250251E+04   .000000E+00   .145919E-02
   .115161E+00   .266200E+04   .256555E+04   .000000E+00   .131282E-02
   .117487E+00   .271987E+04   .262841E+04   .000000E+00   .118248E-02
   .119861E+00   .277677E+04   .268939E+04   .000000E+00   .107912E-02
   .122282E+00   .283141E+04   .274680E+04   .000000E+00   .101289E-02
   .124753E+00   .288260E+04   .279905E+04   .000000E+00   .992221E-03
   .127273E+00   .292930E+04   .284481E+04   .000000E+00   .102296E-02
   .129844E+00   .297077E+04   .288317E+04   .000000E+00   .110752E-02
   .132467E+00   .300665E+04   .291379E+04   .000000E+00   .124402E-02
   .135143E+00   .303704E+04   .293693E+04   .000000E+00   .142626E-02
   .137873E+00   .306258E+04   .295360E+04   .000000E+00   .164344E-02
   .140658E+00   .308443E+04   .296551E+04   .000000E+00   .188065E-02
   .143500E+00   .310422E+04   .297499E+04   .000000E+00   .211987E-02
   .146398E+00   .312399E+04   .298484E+04   .000000E+00   .234135E-02
   .149356E+00   .314594E+04   .299810E+04   .000000E+00   .252549E-02
   .152373E+00   .317228E+04   .301772E+04   .000000E+00   .265496E-02
   .155451E+00   .320495E+04   .304624E+04   .000000E+00   .271688E-02
   .158592E+00   .324537E+04   .308543E+04   .000000E+00   .270483E-02
   .161795E+00   .329422E+04   .313602E+04   .000000E+00   .262033E-02
   .165064E+00   .335122E+04   .319744E+04   .000000E+00   .247358E-02
   .168398E+00   .341513E+04   .326780E+04   .000000E+00   .228309E-02
   .171800E+00   .348375E+04   .334396E+04   .000000E+00   .207420E-02
   .175271E+00   .355415E+04   .342181E+04   .000000E+00   .187630E-02
   .178811E+00   .362300E+04   .349682E+04   .000000E+00   .171924E-02
   .182424E+00   .368699E+04   .356456E+04   .000000E+00   .162895E-02
   .186109E+00   .374338E+04   .362145E+04   .000000E+00   .162324E-02
   .189869E+00   .379044E+04   .366538E+04   .000000E+00   .170824E-02
   .193704E+00   .382787E+04   .369618E+04   .000000E+00   .187634E-02
   .197617E+00   .385691E+04   .371583E+04   .000000E+00   .210620E-02
   .201609E+00   .388037E+04   .372834E+04   .000000E+00   .236519E-02
   .205682E+00   .390214E+04   .373915E+04   .000000E+00   .261423E-02
   .209837E+00   .392668E+04   .375432E+04   .000000E+00   .281441E-02
   .214076E+00   .395814E+04   .377935E+04   .000000E+00   .293438E-02
   .218401E+00   .399953E+04   .381812E+04   .000000E+00   .295709E-02
   .222813E+00   .405202E+04   .387192E+04   .000000E+00   .288425E-02
   .227314E+00   .411458E+04   .393903E+04   .000000E+00   .273734E-02
   .231906E+00   .418401E+04   .401485E+04   .000000E+00   .255417E-02
   .236591E+00   .425555E+04   .409279E+04   .000000E+00   .238146E-02
   .241370E+00   .432390E+04   .416566E+04   .000000E+00   .226444E-02
   .246246E+00   .438444E+04   .422739E+04   .000000E+00   .223591E-02
   .251221E+00   .443446E+04   .427460E+04   .000000E+00   .230736E-02
   .256296E+00   .447395E+04   .430761E+04   .000000E+00   .246498E-02
   .261473E+00   .450571E+04   .433055E+04   .000000E+00   .267221E-02
   .266755E+00   .453472E+04   .435034E+04   .000000E+00   .287892E-02
   .272144E+00   .456681E+04   .437487E+04   .000000E+00   .303526E-02
   .277642E+00   .460693E+04   .441065E+04   .000000E+00   .310643E-02
   .283251E+00   .465762E+04   .446079E+04   .000000E+00   .308385E-02
   .288973E+00   .471814E+04   .452391E+04   .000000E+00   .298850E-02
   .294810E+00   .478464E+04   .459450E+04   .000000E+00   .286467E-02
   .300766E+00   .485140E+04   .466475E+04   .000000E+00   .276528E-02
   .306842E+00   .491285E+04   .472721E+04   .000000E+00   .273339E-02
   .313040E+00   .496557E+04   .477757E+04   .000000E+00   .278638E-02
   .319364E+00   .500961E+04   .481625E+04   .000000E+00   .290937E-02
   .325816E+00   .504846E+04   .484827E+04   .000000E+00   .306103E-02
   .332398E+00   .508761E+04   .488118E+04   .000000E+00   .319048E-02
   .339113E+00   .513227E+04   .492185E+04   .000000E+00   .325860E-02
   .345963E+00   .518506E+04   .497357E+04   .000000E+00   .325479E-02
   .352952E+00   .524494E+04   .503457E+04   .000000E+00   .320106E-02
   .360082E+00   .530774E+04   .509902E+04   .000000E+00   .314104E-02
   .367356E+00   .536825E+04   .515990E+04   .000000E+00   .311837E-02
   .374777E+00   .542284E+04   .521253E+04   .000000E+00   .315517E-02
   .382348E+00   .547122E+04   .525684E+04   .000000E+00   .324160E-02
   .390072E+00   .551644E+04   .529718E+04   .000000E+00   .334263E-02
   .397952E+00   .556304E+04   .533971E+04   .000000E+00   .341854E-02
   .405991E+00   .561437E+04   .538879E+04   .000000E+00   .344761E-02
   .414193E+00   .567075E+04   .544459E+04   .000000E+00   .343764E-02
   .422560E+00   .572948E+04   .550326E+04   .000000E+00   .341906E-02
   .431096E+00   .578677E+04   .555966E+04   .000000E+00   .342422E-02
   .439805E+00   .584027E+04   .561081E+04   .000000E+00   .346636E-02
   .448690E+00   .589054E+04   .565765E+04   .000000E+00   .353258E-02
   .457754E+00   .594035E+04   .570404E+04   .000000E+00   .359529E-02
   .467001E+00   .599255E+04   .575374E+04   .000000E+00   .363326E-02
   .476435E+00   .604794E+04   .580766E+04   .000000E+00   .364653E-02
   .486060E+00   .610495E+04   .586354E+04   .000000E+00   .365375E-02
   .495879E+00   .616117E+04   .591812E+04   .000000E+00   .367538E-02
   .505896E+00   .621541E+04   .596992E+04   .000000E+00   .371695E-02
   .516116E+00   .626849E+04   .602015E+04   .000000E+00   .376665E-02
   .526542E+00   .632224E+04   .607132E+04   .000000E+00   .380802E-02
   .537179E+00   .637770E+04   .612477E+04   .000000E+00   .383518E-02
   .548031E+00   .643429E+04   .617964E+04   .000000E+00   .385643E-02
   .559102E+00   .649061E+04   .623402E+04   .000000E+00   .388394E-02
   .570397E+00   .654592E+04   .628699E+04   .000000E+00   .392131E-02
   .581919E+00   .660070E+04   .633929E+04   .000000E+00   .396162E-02
   .593675E+00   .665591E+04   .639221E+04   .000000E+00   .399657E-02
   .605668E+00   .671185E+04   .644611E+04   .000000E+00   .402550E-02
   .617903E+00   .676795E+04   .650019E+04   .000000E+00   .405440E-02
   .630386E+00   .682364E+04   .655369E+04   .000000E+00   .408775E-02
   .643120E+00   .687899E+04   .660673E+04   .000000E+00   .412372E-02
   .656112E+00   .693451E+04   .666001E+04   .000000E+00   .415795E-02
   .669367E+00   .699047E+04   .671382E+04   .000000E+00   .418948E-02
   .682889E+00   .704663E+04   .676784E+04   .000000E+00   .422110E-02
   .696684E+00   .710278E+04   .682177E+04   .000000E+00   .425477E-02
   .710758E+00   .715903E+04   .687575E+04   .000000E+00   .428933E-02
   .725116E+00   .721560E+04   .693008E+04   .000000E+00   .432299E-02
   .739765E+00   .727251E+04   .698478E+04   .000000E+00   .435603E-02
   .754709E+00   .732960E+04   .703962E+04   .000000E+00   .438971E-02
   .769955E+00   .738680E+04   .709454E+04   .000000E+00   .442410E-02
   .785509E+00   .744413E+04   .714961E+04   .000000E+00   .445834E-02
   .801377E+00   .750158E+04   .720481E+04   .000000E+00   .449222E-02
   .817566E+00   .755904E+04   .726001E+04   .000000E+00   .452623E-02
   .834082E+00   .761641E+04   .731513E+04   .000000E+00   .456044E-02
   .850932E+00   .767371E+04   .737017E+04   .000000E+00   .459452E-02
   .868122E+00   .773094E+04   .742515E+04   .000000E+00   .462841E-02
   .885659E+00   .778809E+04   .748005E+04   .000000E+00   .466232E-02
   .903550E+00   .784521E+04   .753492E+04   .000000E+00   .469628E-02
   .921803E+00   .790238E+04   .758984E+04   .000000E+00   .473024E-02
   .940425E+00   .795970E+04   .764489E+04   .000000E+00   .476428E-02
   .959423E+00   .801723E+04   .770015E+04   .000000E+00   .479851E-02
   .978805E+00   .807505E+04   .775569E+04   .000000E+00   .483293E-02
   .998578E+00   .813318E+04   .781153E+04   .000000E+00   .486755E-02
   .101875E+01   .819160E+04   .786764E+04   .000000E+00   .490237E-02
   .103933E+01   .825024E+04   .792397E+04   .000000E+00   .493735E-02
   .106033E+01   .830899E+04   .798041E+04   .000000E+00   .497240E-02
   .108175E+01   .836774E+04   .803685E+04   .000000E+00   .500744E-02
   .110360E+01   .842636E+04   .809316E+04   .000000E+00   .504241E-02
   .112589E+01   .848479E+04   .814929E+04   .000000E+00   .507725E-02
   .114864E+01   .854302E+04   .820522E+04   .000000E+00   .511197E-02
   .117184E+01   .860110E+04   .826101E+04   .000000E+00   .514661E-02
   .119551E+01   .865915E+04   .831677E+04   .000000E+00   .518123E-02
   .121967E+01   .871731E+04   .837264E+04   .000000E+00   .521594E-02
   .124430E+01   .877572E+04   .842874E+04   .000000E+00   .525082E-02
   .126944E+01   .883447E+04   .848518E+04   .000000E+00   .528592E-02
   .129509E+01   .889356E+04   .854194E+04   .000000E+00   .532127E-02
   .132125E+01   .895294E+04   .859899E+04   .000000E+00   .535683E-02
   .134794E+01   .901250E+04   .865620E+04   .000000E+00   .539252E-02
   .137517E+01   .907210E+04   .871344E+04   .000000E+00   .542825E-02
   .140295E+01   .913160E+04   .877059E+04   .000000E+00   .546393E-02
   .143129E+01   .919092E+04   .882757E+04   .000000E+00   .549952E-02
   .146020E+01   .925005E+04   .888436E+04   .000000E+00   .553498E-02
   .148970E+01   .930900E+04   .894099E+04   .000000E+00   .557035E-02
   .151980E+01   .936787E+04   .899755E+04   .000000E+00   .560568E-02
   .155050E+01   .942679E+04   .905415E+04   .000000E+00   .564107E-02
   .158182E+01   .948590E+04   .911093E+04   .000000E+00   .567660E-02
   .161378E+01   .954533E+04   .916801E+04   .000000E+00   .571237E-02
   .164638E+01   .960514E+04   .922545E+04   .000000E+00   .574841E-02
   .167964E+01   .966529E+04   .928323E+04   .000000E+00   .578470E-02
   .171357E+01   .972563E+04   .934119E+04   .000000E+00   .582113E-02
   .174818E+01   .978594E+04   .939912E+04   .000000E+00   .585757E-02
   .178350E+01   .984600E+04   .945681E+04   .000000E+00   .589386E-02
   .181953E+01   .990567E+04   .951413E+04   .000000E+00   .592994E-02
   .185628E+01   .996501E+04   .957112E+04   .000000E+00   .596584E-02
   .189378E+01   .100242E+05   .962802E+04   .000000E+00   .600170E-02
   .193204E+01   .100837E+05   .968514E+04   .000000E+00   .603775E-02
   .197107E+01   .101437E+05   .974276E+04   .000000E+00   .607418E-02
   .201089E+01   .102043E+05   .980096E+04   .000000E+00   .611103E-02
   .205151E+01   .102652E+05   .985949E+04   .000000E+00   .614815E-02
   .209295E+01   .103261E+05   .991793E+04   .000000E+00   .618525E-02
   .213523E+01   .103864E+05   .997592E+04   .000000E+00   .622208E-02
   .217837E+01   .104463E+05   .100334E+05   .000000E+00   .625860E-02
   .222238E+01   .105058E+05   .100906E+05   .000000E+00   .629500E-02
   .226727E+01   .105656E+05   .101480E+05   .000000E+00   .633158E-02
   .231307E+01   .106259E+05   .102059E+05   .000000E+00   .636860E-02
   .235980E+01   .106869E+05   .102645E+05   .000000E+00   .640607E-02
   .240747E+01   .107481E+05   .103233E+05   .000000E+00   .644379E-02
   .245610E+01   .108092E+05   .103820E+05   .000000E+00   .648148E-02
   .250572E+01   .108699E+05   .104403E+05   .000000E+00   .651892E-02
   .255634E+01   .109300E+05   .104980E+05   .000000E+00   .655611E-02
   .260798E+01   .109899E+05   .105555E+05   .000000E+00   .659322E-02
   .266067E+01   .110500E+05   .106133E+05   .000000E+00   .663055E-02
   .271442E+01   .111107E+05   .106716E+05   .000000E+00   .666831E-02
   .276925E+01   .111720E+05   .107304E+05   .000000E+00   .670653E-02
   .282519E+01   .112335E+05   .107896E+05   .000000E+00   .674502E-02
   .288227E+01   .112949E+05   .108485E+05   .000000E+00   .678349E-02
   .294049E+01   .113559E+05   .109070E+05   .000000E+00   .682175E-02
   .299989E+01   .114163E+05   .109650E+05   .000000E+00   .685976E-02
   .306049E+01   .114764E+05   .110228E+05   .000000E+00   .689775E-02
   .312232E+01   .115369E+05   .110809E+05   .000000E+00   .693601E-02
   .318540E+01   .115980E+05   .111396E+05   .000000E+00   .697479E-02
   .324975E+01   .116597E+05   .111988E+05   .000000E+00   .701407E-02
   .331539E+01   .117215E+05   .112582E+05   .000000E+00   .705358E-02
   .338237E+01   .117830E+05   .113173E+05   .000000E+00   .709298E-02
   .345070E+01   .118439E+05   .113758E+05   .000000E+00   .713212E-02
   .352041E+01   .119043E+05   .114338E+05   .000000E+00   .717110E-02
   .359152E+01   .119648E+05   .114919E+05   .000000E+00   .721028E-02
   .366408E+01   .120259E+05   .115506E+05   .000000E+00   .725001E-02
   .373810E+01   .120878E+05   .116100E+05   .000000E+00   .729035E-02
   .381361E+01   .121499E+05   .116696E+05   .000000E+00   .733105E-02
   .389065E+01   .122117E+05   .117290E+05   .000000E+00   .737169E-02
   .396925E+01   .122727E+05   .117876E+05   .000000E+00   .741205E-02
   .404943E+01   .123333E+05   .118457E+05   .000000E+00   .745228E-02
   .413124E+01   .123940E+05   .119041E+05   .000000E+00   .749282E-02
   .421469E+01   .124555E+05   .119631E+05   .000000E+00   .753406E-02
   .429984E+01   .125177E+05   .120229E+05   .000000E+00   .757597E-02
   .438670E+01   .125800E+05   .120827E+05   .000000E+00   .761815E-02
   .447531E+01   .126417E+05   .121419E+05   .000000E+00   .766015E-02
   .456572E+01   .127025E+05   .122003E+05   .000000E+00   .770190E-02
   .465796E+01   .127632E+05   .122586E+05   .000000E+00   .774381E-02
   .475205E+01   .128246E+05   .123175E+05   .000000E+00   .778640E-02
   .484805E+01   .128868E+05   .123773E+05   .000000E+00   .782984E-02
   .494599E+01   .129494E+05   .124373E+05   .000000E+00   .787377E-02
   .504590E+01   .130113E+05   .124968E+05   .000000E+00   .791760E-02
   .514784E+01   .130723E+05   .125554E+05   .000000E+00   .796119E-02
   .525183E+01   .131331E+05   .126137E+05   .000000E+00   .800496E-02
   .535792E+01   .131946E+05   .126728E+05   .000000E+00   .804954E-02
   .546616E+01   .132571E+05   .127328E+05   .000000E+00   .809511E-02
   .557659E+01   .133198E+05   .127930E+05   .000000E+00   .814117E-02
   .568924E+01   .133816E+05   .128523E+05   .000000E+00   .818710E-02
   .580417E+01   .134426E+05   .129108E+05   .000000E+00   .823289E-02
   .592142E+01   .135036E+05   .129694E+05   .000000E+00   .827917E-02
   .604104E+01   .135657E+05   .130290E+05   .000000E+00   .832656E-02
   .616308E+01   .136286E+05   .130894E+05   .000000E+00   .837494E-02
   .628758E+01   .136910E+05   .131493E+05   .000000E+00   .842354E-02
   .641460E+01   .137524E+05   .132082E+05   .000000E+00   .847195E-02
   .654418E+01   .138133E+05   .132667E+05   .000000E+00   .852065E-02
   .667638E+01   .138751E+05   .133260E+05   .000000E+00   .857049E-02
   .681126E+01   .139380E+05   .133864E+05   .000000E+00   .862160E-02
   .694885E+01   .140008E+05   .134466E+05   .000000E+00   .867324E-02
   .708923E+01   .140623E+05   .135057E+05   .000000E+00   .872475E-02
   .723244E+01   .141233E+05   .135642E+05   .000000E+00   .877657E-02
   .737855E+01   .141852E+05   .136235E+05   .000000E+00   .882967E-02
   .752760E+01   .142482E+05   .136840E+05   .000000E+00   .888425E-02
   .767967E+01   .143110E+05   .137443E+05   .000000E+00   .893945E-02
   .783481E+01   .143725E+05   .138032E+05   .000000E+00   .899461E-02
   .799308E+01   .144335E+05   .138618E+05   .000000E+00   .905035E-02
   .815455E+01   .144958E+05   .139216E+05   .000000E+00   .910772E-02
   .831929E+01   .145590E+05   .139822E+05   .000000E+00   .916666E-02
   .848735E+01   .146215E+05   .140422E+05   .000000E+00   .922606E-02
   .865880E+01   .146827E+05   .141008E+05   .000000E+00   .928560E-02
   .883372E+01   .147442E+05   .141598E+05   .000000E+00   .934640E-02
   .901218E+01   .148072E+05   .142202E+05   .000000E+00   .940924E-02
   .919424E+01   .148703E+05   .142808E+05   .000000E+00   .947336E-02
   .937997E+01   .149320E+05   .143399E+05   .000000E+00   .953771E-02
   .956946E+01   .149932E+05   .143986E+05   .000000E+00   .960294E-02
   .976277E+01   .150557E+05   .144585E+05   .000000E+00   .967038E-02
   .996000E+01   .151191E+05   .145193E+05   .000000E+00   .973976E-02
   .101612E+02   .151813E+05   .145789E+05   .000000E+00   .980973E-02
   .103665E+02   .152424E+05   .146375E+05   .000000E+00   .988048E-02
   .105759E+02   .153047E+05   .146972E+05   .000000E+00   .995354E-02
   .107895E+02   .153682E+05   .147580E+05   .000000E+00   .100290E-01
   .110075E+02   .154306E+05   .148178E+05   .000000E+00   .101055E-01
   .112299E+02   .154917E+05   .148764E+05   .000000E+00   .101828E-01
   .114567E+02   .155540E+05   .149361E+05   .000000E+00   .102628E-01
   .116882E+02   .156176E+05   .149970E+05   .000000E+00   .103455E-01
   .119243E+02   .156799E+05   .150566E+05   .000000E+00   .104294E-01
   .121652E+02   .157411E+05   .151152E+05   .000000E+00   .105146E-01
   .124109E+02   .158037E+05   .151752E+05   .000000E+00   .106030E-01
   .126616E+02   .158673E+05   .152360E+05   .000000E+00   .106944E-01
   .129174E+02   .159292E+05   .152952E+05   .000000E+00   .107869E-01
   .131784E+02   .159905E+05   .153540E+05   .000000E+00   .108816E-01
   .134446E+02   .160538E+05   .154145E+05   .000000E+00   .109801E-01
   .137162E+02   .161170E+05   .154750E+05   .000000E+00   .110814E-01
   .139933E+02   .161783E+05   .155336E+05   .000000E+00   .111842E-01
   .142760E+02   .162404E+05   .155930E+05   .000000E+00   .112904E-01
   .145643E+02   .163042E+05   .156540E+05   .000000E+00   .114010E-01
   .148586E+02   .163664E+05   .157134E+05   .000000E+00   .115136E-01
   .151587E+02   .164277E+05   .157720E+05   .000000E+00   .116290E-01
   .154650E+02   .164911E+05   .158326E+05   .000000E+00   .117493E-01
   .157774E+02   .165542E+05   .158929E+05   .000000E+00   .118732E-01
   .160961E+02   .166154E+05   .159513E+05   .000000E+00   .119995E-01
   .164213E+02   .166781E+05   .160112E+05   .000000E+00   .121308E-01
   .167530E+02   .167417E+05   .160720E+05   .000000E+00   .122671E-01
   .170914E+02   .168032E+05   .161306E+05   .000000E+00   .124061E-01
   .174367E+02   .168654E+05   .161899E+05   .000000E+00   .125502E-01
   .177889E+02   .169292E+05   .162508E+05   .000000E+00   .127002E-01
   .181483E+02   .169910E+05   .163097E+05   .000000E+00   .128537E-01
   .185149E+02   .170528E+05   .163686E+05   .000000E+00   .130124E-01
   .188889E+02   .171167E+05   .164295E+05   .000000E+00   .131781E-01
   .192705E+02   .171786E+05   .164885E+05   .000000E+00   .133479E-01
   .196598E+02   .172404E+05   .165473E+05   .000000E+00   .135235E-01
   .200570E+02   .173043E+05   .166081E+05   .000000E+00   .137069E-01
   .204621E+02   .173662E+05   .166670E+05   .000000E+00   .138951E-01
   .208755E+02   .174281E+05   .167258E+05   .000000E+00   .140900E-01
   .212972E+02   .174920E+05   .167866E+05   .000000E+00   .142936E-01
   .217275E+02   .175536E+05   .168451E+05   .000000E+00   .145025E-01
   .221664E+02   .176159E+05   .169043E+05   .000000E+00   .147197E-01
   .226142E+02   .176796E+05   .169648E+05   .000000E+00   .149460E-01
   .230710E+02   .177409E+05   .170229E+05   .000000E+00   .151785E-01
   .235371E+02   .178039E+05   .170826E+05   .000000E+00   .154212E-01
   .240126E+02   .178671E+05   .171425E+05   .000000E+00   .156731E-01
   .244976E+02   .179283E+05   .172004E+05   .000000E+00   .159327E-01
   .249925E+02   .179920E+05   .172607E+05   .000000E+00   .162044E-01
   .254974E+02   .180541E+05   .173195E+05   .000000E+00   .164849E-01
   .260125E+02   .181161E+05   .173780E+05   .000000E+00   .167760E-01
   .265380E+02   .181799E+05   .174382E+05   .000000E+00   .170800E-01
   .270741E+02   .182410E+05   .174959E+05   .000000E+00   .173932E-01
   .276210E+02   .183044E+05   .175557E+05   .000000E+00   .177208E-01
   .281790E+02   .183669E+05   .176146E+05   .000000E+00   .180602E-01
   .287482E+02   .184286E+05   .176726E+05   .000000E+00   .184121E-01
   .293290E+02   .184924E+05   .177326E+05   .000000E+00   .187800E-01
   .299215E+02   .185535E+05   .177900E+05   .000000E+00   .191596E-01
   .305259E+02   .186170E+05   .178497E+05   .000000E+00   .195569E-01
   .311426E+02   .186790E+05   .179078E+05   .000000E+00   .199682E-01
   .317717E+02   .187413E+05   .179661E+05   .000000E+00   .203963E-01
   .324136E+02   .188045E+05   .180252E+05   .000000E+00   .208426E-01
   .330684E+02   .188657E+05   .180825E+05   .000000E+00   .213046E-01
   .337364E+02   .189295E+05   .181420E+05   .000000E+00   .217882E-01
   .344179E+02   .189906E+05   .181989E+05   .000000E+00   .222881E-01
   .351132E+02   .190542E+05   .182581E+05   .000000E+00   .228113E-01
   .358225E+02   .191156E+05   .183152E+05   .000000E+00   .233531E-01
   .365462E+02   .191786E+05   .183737E+05   .000000E+00   .239190E-01
   .372845E+02   .192406E+05   .184312E+05   .000000E+00   .245068E-01
   .380377E+02   .193029E+05   .184888E+05   .000000E+00   .251189E-01
   .388061E+02   .193655E+05   .185467E+05   .000000E+00   .257567E-01
   .395900E+02   .194273E+05   .186036E+05   .000000E+00   .264195E-01
   .403898E+02   .194902E+05   .186615E+05   .000000E+00   .271113E-01
   .412057E+02   .195517E+05   .187179E+05   .000000E+00   .278294E-01
   .420381E+02   .196148E+05   .187758E+05   .000000E+00   .285797E-01
   .428873E+02   .196760E+05   .188318E+05   .000000E+00   .293584E-01
   .437537E+02   .197391E+05   .188895E+05   .000000E+00   .301722E-01
   .446376E+02   .198003E+05   .189452E+05   .000000E+00   .310168E-01
   .455393E+02   .198633E+05   .190024E+05   .000000E+00   .318994E-01
   .464593E+02   .199246E+05   .190579E+05   .000000E+00   .328160E-01
   .473978E+02   .199873E+05   .191146E+05   .000000E+00   .337732E-01
   .483553E+02   .200488E+05   .191700E+05   .000000E+00   .347684E-01
   .493322E+02   .201110E+05   .192260E+05   .000000E+00   .358064E-01
   .503288E+02   .201730E+05   .192815E+05   .000000E+00   .368874E-01
   .513455E+02   .202346E+05   .193364E+05   .000000E+00   .380129E-01
   .523827E+02   .202971E+05   .193921E+05   .000000E+00   .391874E-01
   .534409E+02   .203579E+05   .194460E+05   .000000E+00   .404079E-01
   .545205E+02   .204208E+05   .195017E+05   .000000E+00   .416838E-01
   .556219E+02   .204813E+05   .195549E+05   .000000E+00   .430082E-01
   .567455E+02   .205441E+05   .196100E+05   .000000E+00   .443932E-01
   .578919E+02   .206049E+05   .196631E+05   .000000E+00   .458322E-01
   .590613E+02   .206667E+05   .197168E+05   .000000E+00   .473337E-01
   .602545E+02   .207286E+05   .197704E+05   .000000E+00   .488988E-01
   .614717E+02   .207891E+05   .198224E+05   .000000E+00   .505263E-01
   .627135E+02   .208516E+05   .198761E+05   .000000E+00   .522273E-01
   .639804E+02   .209119E+05   .199274E+05   .000000E+00   .539943E-01
   .652729E+02   .209735E+05   .199796E+05   .000000E+00   .558390E-01
   .665915E+02   .210351E+05   .200316E+05   .000000E+00   .577614E-01
   .679367E+02   .210952E+05   .200817E+05   .000000E+00   .597602E-01
   .693091E+02   .211572E+05   .201335E+05   .000000E+00   .618489E-01
   .707093E+02   .212177E+05   .201834E+05   .000000E+00   .640211E-01
   .721377E+02   .212780E+05   .202328E+05   .000000E+00   .662837E-01
   .735950E+02   .213398E+05   .202832E+05   .000000E+00   .686463E-01
   .750817E+02   .213998E+05   .203315E+05   .000000E+00   .711021E-01
   .765984E+02   .214601E+05   .203797E+05   .000000E+00   .736622E-01
   .781458E+02   .215215E+05   .204286E+05   .000000E+00   .763337E-01
   .797245E+02   .215811E+05   .204754E+05   .000000E+00   .791109E-01
   .813350E+02   .216410E+05   .205220E+05   .000000E+00   .820052E-01
   .829781E+02   .217021E+05   .205692E+05   .000000E+00   .850254E-01
   .846544E+02   .217617E+05   .206145E+05   .000000E+00   .881664E-01
   .863645E+02   .218209E+05   .206589E+05   .000000E+00   .914366E-01
   .881092E+02   .218813E+05   .207040E+05   .000000E+00   .948491E-01
   .898891E+02   .219412E+05   .207481E+05   .000000E+00   .984015E-01
   .917050E+02   .219998E+05   .207903E+05   .000000E+00   .102096E+00
   .935575E+02   .220591E+05   .208326E+05   .000000E+00   .105947E+00
   .954475E+02   .221191E+05   .208749E+05   .000000E+00   .109962E+00
   .973757E+02   .221780E+05   .209155E+05   .000000E+00   .114139E+00
   .993428E+02   .222360E+05   .209547E+05   .000000E+00   .118483E+00
   .101350E+03   .222947E+05   .209938E+05   .000000E+00   .123011E+00
   .103397E+03   .223538E+05   .210326E+05   .000000E+00   .127730E+00
   .105486E+03   .224122E+05   .210699E+05   .000000E+00   .132638E+00
   .107617E+03   .224697E+05   .211056E+05   .000000E+00   .137743E+00
   .109791E+03   .225271E+05   .211404E+05   .000000E+00   .143057E+00
   .112009E+03   .225851E+05   .211750E+05   .000000E+00   .148593E+00
   .114271E+03   .226431E+05   .212086E+05   .000000E+00   .154356E+00
   .116580E+03   .227003E+05   .212406E+05   .000000E+00   .160349E+00
   .118935E+03   .227568E+05   .212710E+05   .000000E+00   .166581E+00
   .121338E+03   .228130E+05   .213001E+05   .000000E+00   .173064E+00
   .123789E+03   .228694E+05   .213284E+05   .000000E+00   .179811E+00
   .126289E+03   .713076E+02  -.910174E+00   .000000E+00   .226666E+03
   .128841E+03   .229822E+05   .213817E+05   .000000E+00   .194135E+00
   .131443E+03   .230379E+05   .214061E+05   .000000E+00   .201727E+00
   .134099E+03   .230930E+05   .214287E+05   .000000E+00   .209618E+00
   .136808E+03   .231476E+05   .214496E+05   .000000E+00   .217819E+00
   .139571E+03   .232019E+05   .214689E+05   .000000E+00   .226343E+00
   .142391E+03   .232559E+05   .214867E+05   .000000E+00   .235204E+00
   .145267E+03   .233097E+05   .215029E+05   .000000E+00   .244413E+00
   .148202E+03   .233633E+05   .215175E+05   .000000E+00   .253982E+00
   .151196E+03   .234166E+05   .215303E+05   .000000E+00   .263923E+00
   .154250E+03   .234695E+05   .215413E+05   .000000E+00   .274248E+00
   .157366E+03   .235220E+05   .215502E+05   .000000E+00   .284970E+00
   .160545E+03   .235740E+05   .215572E+05   .000000E+00   .296101E+00
   .163789E+03   .236255E+05   .215619E+05   .000000E+00   .307655E+00
   .167097E+03   .236765E+05   .215645E+05   .000000E+00   .319646E+00
   .170473E+03   .237270E+05   .215649E+05   .000000E+00   .332087E+00
   .173917E+03   .237769E+05   .215628E+05   .000000E+00   .344992E+00
   .177430E+03   .238264E+05   .215584E+05   .000000E+00   .358377E+00
   .181014E+03   .238752E+05   .215515E+05   .000000E+00   .372254E+00
   .184671E+03   .239235E+05   .215421E+05   .000000E+00   .386640E+00
   .188402E+03   .730032E+02   .980169E+00   .000000E+00   .337214E+03
   .192208E+03   .240183E+05   .215151E+05   .000000E+00   .416993E+00
   .196091E+03   .240647E+05   .214974E+05   .000000E+00   .432991E+00
   .200052E+03   .241105E+05   .214769E+05   .000000E+00   .449556E+00
   .204093E+03   .241557E+05   .214534E+05   .000000E+00   .466706E+00
   .208216E+03   .242004E+05   .214271E+05   .000000E+00   .484457E+00
   .212422E+03   .735239E+02  -.205556E+01   .000000E+00  -.342630E+03
   .216714E+03   .736111E+02   .108326E+01   .000000E+00  -.381984E+03
   .221092E+03   .243307E+05   .213295E+05   .000000E+00   .541461E+00
   .225558E+03   .243725E+05   .212902E+05   .000000E+00   .561753E+00
   .230114E+03   .738739E+02   .136082E+01   .000000E+00   .402331E+03
   .234763E+03   .244528E+05   .212003E+05   .000000E+00   .604346E+00
   .239506E+03   .244919E+05   .211502E+05   .000000E+00   .626688E+00
   .244344E+03   .245306E+05   .210968E+05   .000000E+00   .649754E+00
   .249280E+03   .245686E+05   .210396E+05   .000000E+00   .673548E+00
   .254316E+03   .246051E+05   .209782E+05   .000000E+00   .698064E+00
   .259453E+03   .744033E+02  -.240140E+01   .000000E+00   .402270E+03
   .264695E+03   .246748E+05   .208430E+05   .000000E+00   .749332E+00
   .270042E+03   .247091E+05   .207700E+05   .000000E+00   .776138E+00
   .275497E+03   .247421E+05   .206927E+05   .000000E+00   .803711E+00
   .281062E+03   .247732E+05   .206104E+05   .000000E+00   .832041E+00
   .286740E+03   .248038E+05   .205244E+05   .000000E+00   .861178E+00
   .292533E+03   .248341E+05   .204346E+05   .000000E+00   .891136E+00
   .298442E+03   .750274E+02   .581762E+00   .000000E+00   .543151E+03
   .304471E+03   .248893E+05   .202403E+05   .000000E+00   .953380E+00
   .310622E+03   .249163E+05   .201374E+05   .000000E+00   .985747E+00
   .316897E+03   .752969E+02   .456901E+00   .000000E+00   .578672E+03
   .323299E+03   .249647E+05   .199166E+05   .000000E+00   .105281E+01
   .329830E+03   .249882E+05   .198003E+05   .000000E+00   .108758E+01
   .336493E+03   .250092E+05   .196786E+05   .000000E+00   .112309E+01
   .343290E+03   .756581E+02   .379494E+00   .000000E+00  -.623359E+03
   .350225E+03   .757487E+02   .188677E+01   .000000E+00   .583446E+03
   .357300E+03   .250666E+05   .192883E+05   .000000E+00   .123438E+01
   .364518E+03   .250840E+05   .191499E+05   .000000E+00   .127303E+01
   .371882E+03   .250987E+05   .190063E+05   .000000E+00   .131235E+01
   .379395E+03   .251137E+05   .188596E+05   .000000E+00   .135247E+01
   .387059E+03   .251259E+05   .187077E+05   .000000E+00   .139322E+01
   .394878E+03   .251383E+05   .185529E+05   .000000E+00   .143474E+01
   .402855E+03   .251481E+05   .183932E+05   .000000E+00   .147684E+01
   .410993E+03   .251581E+05   .182307E+05   .000000E+00   .151966E+01
   .419296E+03   .251655E+05   .180637E+05   .000000E+00   .156303E+01
   .427766E+03   .251728E+05   .178941E+05   .000000E+00   .160706E+01
   .436408E+03   .767542E+02  -.148700E+00   .000000E+00  -.795918E+03
   .445224E+03   .768464E+02  -.247085E+01   .000000E+00   .682719E+03
   .454218E+03   .251865E+05   .173655E+05   .000000E+00   .174239E+01
   .463394E+03   .251881E+05   .171832E+05   .000000E+00   .178847E+01
   .472755E+03   .771236E+02   .437877E+00   .000000E+00   .864126E+03
   .482305E+03   .251901E+05   .168130E+05   .000000E+00   .188214E+01
   .492048E+03   .251888E+05   .166243E+05   .000000E+00   .192956E+01
   .501988E+03   .774020E+02  -.701897E+00   .000000E+00   .910695E+03
   .512129E+03   .251851E+05   .162432E+05   .000000E+00   .202572E+01
   .522475E+03   .775881E+02  -.828559E+00   .000000E+00  -.937776E+03
   .533029E+03   .251769E+05   .158568E+05   .000000E+00   .212325E+01
   .543797E+03   .777747E+02   .408918E+00   .000000E+00   .994771E+03
   .554783E+03   .251673E+05   .154687E+05   .000000E+00   .222229E+01
   .565990E+03   .779618E+02   .194895E+01   .000000E+00  -.931087E+03
   .577424E+03   .780555E+02  -.282270E+01   .000000E+00  -.819317E+03
   .589089E+03   .251473E+05   .148857E+05   .000000E+00   .237338E+01
   .600989E+03   .782433E+02  -.233134E+01   .000000E+00   .943680E+03
   .613130E+03   .783373E+02   .104548E+01   .000000E+00   .109550E+04
   .625516E+03   .784315E+02   .350975E+01   .000000E+00   .716757E+03
   .638152E+03   .251182E+05   .141190E+05   .000000E+00   .258070E+01
   .651044E+03   .251107E+05   .139302E+05   .000000E+00   .263375E+01
   .664196E+03   .787147E+02   .371498E+01   .000000E+00  -.679326E+03
   .677613E+03   .788093E+02   .321295E+01   .000000E+00  -.863732E+03
   .691302E+03   .789040E+02   .304307E+01   .000000E+00  -.927991E+03
   .705267E+03   .789988E+02   .327518E+01   .000000E+00  -.880406E+03
   .719514E+03   .790938E+02   .381900E+01   .000000E+00  -.689011E+03
   .734050E+03   .250709E+05   .128290E+05   .000000E+00   .296663E+01
   .748878E+03   .250659E+05   .126506E+05   .000000E+00   .302511E+01
   .764007E+03   .793792E+02   .305174E+01   .000000E+00   .103001E+04
   .779441E+03   .794746E+02   .120777E+00   .000000E+00   .143187E+04
   .795186E+03   .795701E+02  -.330409E+01   .000000E+00   .989687E+03
   .811250E+03   .250525E+05   .119476E+05   .000000E+00   .326968E+01
   .827639E+03   .797613E+02  -.884045E+00   .000000E+00  -.148470E+04
   .844358E+03   .798571E+02   .392551E+01   .000000E+00  -.746645E+03
   .861415E+03   .799530E+02   .279984E+01   .000000E+00   .123790E+04
   .878817E+03   .800490E+02  -.342705E+01   .000000E+00   .104382E+04
   .896570E+03   .801451E+02  -.248775E+01   .000000E+00  -.136517E+04
   .914682E+03   .250588E+05   .109040E+05   .000000E+00   .367090E+01
   .933160E+03   .803375E+02  -.320826E+00   .000000E+00   .171083E+04
   .952011E+03   .804339E+02  -.365303E+01   .000000E+00  -.101073E+04
   .971243E+03   .250735E+05   .103765E+05   .000000E+00   .388462E+01
   .990863E+03   .806270E+02  -.249453E+01   .000000E+00   .151465E+04
   .101088E+04   .807237E+02   .630877E-01   .000000E+00  -.185083E+04
