1.38893E-05 8.15213E-07 8.15213E-07 0.00000E+00 7.63983E-16
1.84469E-04 1.43799E-04 1.43796E-04 0.00000E+00 2.37712E-11
3.55052E-04 5.32705E-04 5.32675E-04 0.00000E+00 3.26213E-10
5.25639E-04 1.16753E-03 1.16738E-03 0.00000E+00 1.56701E-09
6.96230E-04 2.04825E-03 2.04781E-03 0.00000E+00 4.82270E-09
8.66824E-04 3.17484E-03 3.17377E-03 0.00000E+00 1.15867E-08
1.03742E-03 4.54725E-03 4.54505E-03 0.00000E+00 2.37687E-08
1.20803E-03 6.16543E-03 6.16139E-03 0.00000E+00 4.36944E-08
1.37863E-03 8.02930E-03 8.02244E-03 0.00000E+00 7.41045E-08
1.54925E-03 1.01388E-02 1.01278E-02 0.00000E+00 1.18154E-07
1.71986E-03 1.24938E-02 1.24772E-02 0.00000E+00 1.79411E-07
1.89048E-03 1.50951E-02 1.50707E-02 0.00000E+00 2.62027E-07
2.06111E-03 1.79419E-02 1.79074E-02 0.00000E+00 3.70352E-07
2.23174E-03 2.10336E-02 2.09861E-02 0.00000E+00 5.09122E-07
2.40237E-03 2.43703E-02 2.43063E-02 0.00000E+00 6.83566E-07
2.57301E-03 2.79517E-02 2.78674E-02 0.00000E+00 8.99303E-07
2.74366E-03 3.17777E-02 3.16687E-02 0.00000E+00 1.16238E-06
2.91431E-03 3.58482E-02 3.57094E-02 0.00000E+00 1.47924E-06
3.08496E-03 4.01630E-02 3.99887E-02 0.00000E+00 1.85671E-06
3.25562E-03 4.47218E-02 4.45056E-02 0.00000E+00 2.30204E-06
3.42629E-03 4.95245E-02 4.92592E-02 0.00000E+00 2.82289E-06
3.59696E-03 5.45707E-02 5.42486E-02 0.00000E+00 3.42722E-06
3.76763E-03 5.98603E-02 5.94726E-02 0.00000E+00 4.12357E-06
3.93832E-03 6.53930E-02 6.49301E-02 0.00000E+00 4.92066E-06
4.10900E-03 7.11684E-02 7.06201E-02 0.00000E+00 5.82777E-06
4.27970E-03 7.71863E-02 7.65413E-02 0.00000E+00 6.85447E-06
4.45040E-03 8.34465E-02 8.26925E-02 0.00000E+00 8.01058E-06
4.62110E-03 8.99485E-02 8.90723E-02 0.00000E+00 9.30668E-06
4.79182E-03 9.66920E-02 9.56794E-02 0.00000E+00 1.07534E-05
4.96254E-03 1.03677E-01 1.02512E-01 0.00000E+00 1.23618E-05
5.13326E-03 1.10902E-01 1.09570E-01 0.00000E+00 1.41433E-05
5.30399E-03 1.18368E-01 1.16850E-01 0.00000E+00 1.61099E-05
5.47473E-03 1.26074E-01 1.24352E-01 0.00000E+00 1.82736E-05
5.64548E-03 1.34020E-01 1.32074E-01 0.00000E+00 2.06470E-05
5.81623E-03 1.42205E-01 1.40013E-01 0.00000E+00 2.32431E-05
5.98699E-03 1.50629E-01 1.48170E-01 0.00000E+00 2.60750E-05
6.15776E-03 1.59292E-01 1.56541E-01 0.00000E+00 2.91563E-05
6.32854E-03 1.68192E-01 1.65125E-01 0.00000E+00 3.25010E-05
6.49932E-03 1.77330E-01 1.73920E-01 0.00000E+00 3.61234E-05
6.67011E-03 1.86705E-01 1.82924E-01 0.00000E+00 4.00380E-05
6.84091E-03 1.96317E-01 1.92136E-01 0.00000E+00 4.42597E-05
7.01172E-03 2.06165E-01 2.01553E-01 0.00000E+00 4.88039E-05
7.18254E-03 2.16248E-01 2.11174E-01 0.00000E+00 5.36864E-05
7.35336E-03 2.26567E-01 2.20996E-01 0.00000E+00 5.89231E-05
7.52420E-03 2.37120E-01 2.31017E-01 0.00000E+00 6.45295E-05
7.69504E-03 2.47907E-01 2.41235E-01 0.00000E+00 7.05224E-05
7.86589E-03 2.58928E-01 2.51648E-01 0.00000E+00 7.69186E-05
8.03675E-03 2.70181E-01 2.62254E-01 0.00000E+00 8.37353E-05
8.20762E-03 2.81667E-01 2.73050E-01 0.00000E+00 9.09892E-05
8.37850E-03 2.93385E-01 2.84034E-01 0.00000E+00 9.86987E-05
8.54939E-03 3.05334E-01 2.95204E-01 0.00000E+00 1.06881E-04
8.72029E-03 3.17514E-01 3.06558E-01 0.00000E+00 1.15555E-04
8.89120E-03 3.29923E-01 3.18092E-01 0.00000E+00 1.24740E-04
9.06212E-03 3.42562E-01 3.29805E-01 0.00000E+00 1.34453E-04
9.23305E-03 3.55430E-01 3.41694E-01 0.00000E+00 1.44712E-04
9.40399E-03 3.68526E-01 3.53756E-01 0.00000E+00 1.55540E-04
9.57495E-03 3.81849E-01 3.65989E-01 0.00000E+00 1.66953E-04
9.74591E-03 3.95400E-01 3.78390E-01 0.00000E+00 1.78970E-04
9.91689E-03 4.09176E-01 3.90957E-01 0.00000E+00 1.91617E-04
1.00879E-02 4.23177E-01 4.03687E-01 0.00000E+00 2.04906E-04
1.02589E-02 4.37404E-01 4.16577E-01 0.00000E+00 2.18862E-04
1.04299E-02 4.51855E-01 4.29624E-01 0.00000E+00 2.33501E-04
1.06009E-02 4.66528E-01 4.42826E-01 0.00000E+00 2.48850E-04
1.07720E-02 4.81425E-01 4.56179E-01 0.00000E+00 2.64930E-04
1.09430E-02 4.96543E-01 4.69681E-01 0.00000E+00 2.81757E-04
1.11141E-02 5.11883E-01 4.83330E-01 0.00000E+00 2.99352E-04
1.12851E-02 5.27443E-01 4.97121E-01 0.00000E+00 3.17742E-04
1.14562E-02 5.43222E-01 5.11053E-01 0.00000E+00 3.36939E-04
1.16273E-02 5.59221E-01 5.25121E-01 0.00000E+00 3.56983E-04
1.17985E-02 5.75438E-01 5.39323E-01 0.00000E+00 3.77879E-04
1.19696E-02 5.91872E-01 5.53656E-01 0.00000E+00 3.99654E-04
1.21407E-02 6.08522E-01 5.68118E-01 0.00000E+00 4.22327E-04
1.23119E-02 6.25388E-01 5.82703E-01 0.00000E+00 4.45929E-04
1.24831E-02 6.42470E-01 5.97411E-01 0.00000E+00 4.70474E-04
1.26543E-02 6.59765E-01 6.12237E-01 0.00000E+00 4.96039E-04
1.28255E-02 6.77274E-01 6.27177E-01 0.00000E+00 5.22506E-04
1.29967E-02 6.94995E-01 6.42230E-01 0.00000E+00 5.49977E-04
1.31680E-02 7.12928E-01 6.57392E-01 0.00000E+00 5.78530E-04
1.33392E-02 7.31072E-01 6.72659E-01 0.00000E+00 6.08112E-04
1.35105E-02 7.49425E-01 6.88028E-01 0.00000E+00 6.38967E-04
1.36818E-02 7.67988E-01 7.03496E-01 0.00000E+00 6.70755E-04
1.38531E-02 7.86759E-01 7.19060E-01 0.00000E+00 7.03657E-04
1.40245E-02 8.05737E-01 7.34715E-01 0.00000E+00 7.37744E-04
1.41958E-02 8.24922E-01 7.50458E-01 0.00000E+00 7.72972E-04
1.43672E-02 8.44313E-01 7.66288E-01 0.00000E+00 8.09415E-04
1.45386E-02 8.63908E-01 7.82198E-01 0.00000E+00 8.47155E-04
1.47100E-02 8.83707E-01 7.98187E-01 0.00000E+00 8.86106E-04
1.48815E-02 9.03709E-01 8.14252E-01 0.00000E+00 9.26289E-04
1.50529E-02 9.23913E-01 8.30387E-01 0.00000E+00 9.67762E-04
1.52244E-02 9.44318E-01 8.46589E-01 0.00000E+00 1.01059E-03
1.53959E-02 9.64923E-01 8.62856E-01 0.00000E+00 1.05474E-03
1.55674E-02 9.85728E-01 8.79185E-01 0.00000E+00 1.10023E-03
1.57390E-02 1.00673E+00 8.95569E-01 0.00000E+00 1.14715E-03
1.59105E-02 1.02793E+00 9.12007E-01 0.00000E+00 1.19547E-03
1.60821E-02 1.04933E+00 9.28495E-01 0.00000E+00 1.24523E-03
1.62538E-02 1.07092E+00 9.45028E-01 0.00000E+00 1.29635E-03
1.64254E-02 1.09271E+00 9.61607E-01 0.00000E+00 1.34903E-03
1.65971E-02 1.11469E+00 9.78223E-01 0.00000E+00 1.40322E-03
1.67688E-02 1.13686E+00 9.94874E-01 0.00000E+00 1.45892E-03
1.69405E-02 1.15922E+00 1.01156E+00 0.00000E+00 1.51616E-03
1.71122E-02 1.18178E+00 1.02827E+00 0.00000E+00 1.57501E-03
1.72840E-02 1.20452E+00 1.04500E+00 0.00000E+00 1.63538E-03
1.74558E-02 1.22746E+00 1.06176E+00 0.00000E+00 1.69743E-03
1.76276E-02 1.25058E+00 1.07853E+00 0.00000E+00 1.76117E-03
1.77995E-02 1.27389E+00 1.09531E+00 0.00000E+00 1.82644E-03
1.79714E-02 1.29738E+00 1.11211E+00 0.00000E+00 1.89347E-03
1.81433E-02 1.32106E+00 1.12891E+00 0.00000E+00 1.96214E-03
1.83153E-02 1.34493E+00 1.14571E+00 0.00000E+00 2.03262E-03
1.84873E-02 1.36897E+00 1.16251E+00 0.00000E+00 2.10478E-03
1.86593E-02 1.39320E+00 1.17931E+00 0.00000E+00 2.17876E-03
1.88313E-02 1.41761E+00 1.19609E+00 0.00000E+00 2.25455E-03
1.90034E-02 1.44220E+00 1.21286E+00 0.00000E+00 2.33214E-03
1.91755E-02 1.46697E+00 1.22962E+00 0.00000E+00 2.41157E-03
1.93477E-02 1.49191E+00 1.24636E+00 0.00000E+00 2.49265E-03
1.95199E-02 1.51704E+00 1.26306E+00 0.00000E+00 2.57599E-03
1.96921E-02 1.54233E+00 1.27974E+00 0.00000E+00 2.66101E-03
1.98644E-02 1.56781E+00 1.29640E+00 0.00000E+00 2.74784E-03
2.00367E-02 1.59346E+00 1.31301E+00 0.00000E+00 2.83690E-03
2.02090E-02 1.61928E+00 1.32958E+00 0.00000E+00 2.92774E-03
2.03814E-02 1.64527E+00 1.34611E+00 0.00000E+00 3.02056E-03
2.05538E-02 1.67143E+00 1.36259E+00 0.00000E+00 3.11548E-03
2.07263E-02 1.69777E+00 1.37903E+00 0.00000E+00 3.21233E-03
2.08988E-02 1.72427E+00 1.39541E+00 0.00000E+00 3.31123E-03
2.10714E-02 1.75094E+00 1.41171E+00 0.00000E+00 3.41243E-03
2.12440E-02 1.77778E+00 1.42797E+00 0.00000E+00 3.51547E-03
2.14166E-02 1.80478E+00 1.44418E+00 0.00000E+00 3.62027E-03
2.15893E-02 1.83195E+00 1.46030E+00 0.00000E+00 3.72761E-03
2.17620E-02 1.85928E+00 1.47635E+00 0.00000E+00 3.83692E-03
2.19348E-02 1.88678E+00 1.49232E+00 0.00000E+00 3.94843E-03
2.21076E-02 1.91443E+00 1.50820E+00 0.00000E+00 4.06219E-03
2.22805E-02 1.94225E+00 1.52401E+00 0.00000E+00 4.17797E-03
2.24534E-02 1.97023E+00 1.53973E+00 0.00000E+00 4.29593E-03
2.26264E-02 1.99837E+00 1.55535E+00 0.00000E+00 4.41634E-03
2.27994E-02 2.02666E+00 1.57088E+00 0.00000E+00 4.53887E-03
2.29725E-02 2.05512E+00 1.58630E+00 0.00000E+00 4.66368E-03
2.31457E-02 2.08372E+00 1.60163E+00 0.00000E+00 4.79065E-03
2.33189E-02 2.11249E+00 1.61686E+00 0.00000E+00 4.91999E-03
2.34921E-02 2.14141E+00 1.63197E+00 0.00000E+00 5.05149E-03
2.36655E-02 2.17048E+00 1.64696E+00 0.00000E+00 5.18535E-03
2.38388E-02 2.19970E+00 1.66184E+00 0.00000E+00 5.32155E-03
2.40123E-02 2.22908E+00 1.67659E+00 0.00000E+00 5.46029E-03
2.41858E-02 2.25860E+00 1.69122E+00 0.00000E+00 5.60103E-03
2.43593E-02 2.28828E+00 1.70573E+00 0.00000E+00 5.74425E-03
2.45330E-02 2.31810E+00 1.72009E+00 0.00000E+00 5.88997E-03
2.47067E-02 2.34807E+00 1.73433E+00 0.00000E+00 6.03785E-03
2.48804E-02 2.37819E+00 1.74843E+00 0.00000E+00 6.18821E-03
2.50543E-02 2.40845E+00 1.76238E+00 0.00000E+00 6.34112E-03
2.52282E-02 2.43886E+00 1.77618E+00 0.00000E+00 6.49655E-03
2.54021E-02 2.46941E+00 1.78984E+00 0.00000E+00 6.65409E-03
2.55762E-02 2.50011E+00 1.80334E+00 0.00000E+00 6.81417E-03
2.57503E-02 2.53094E+00 1.81669E+00 0.00000E+00 6.97680E-03
2.59245E-02 2.56192E+00 1.82988E+00 0.00000E+00 7.14175E-03
2.60988E-02 2.59304E+00 1.84289E+00 0.00000E+00 7.30944E-03
2.62732E-02 2.62430E+00 1.85575E+00 0.00000E+00 7.47929E-03
2.64476E-02 2.65569E+00 1.86844E+00 0.00000E+00 7.65172E-03
2.66221E-02 2.68723E+00 1.88095E+00 0.00000E+00 7.82680E-03
2.67968E-02 2.71890E+00 1.89329E+00 0.00000E+00 8.00411E-03
2.69715E-02 2.75071E+00 1.90545E+00 0.00000E+00 8.18398E-03
2.71462E-02 2.78265E+00 1.91742E+00 0.00000E+00 8.36659E-03
2.73211E-02 2.81473E+00 1.92919E+00 0.00000E+00 8.55172E-03
2.74961E-02 2.84694E+00 1.94080E+00 0.00000E+00 8.73897E-03
2.76712E-02 2.87928E+00 1.95221E+00 0.00000E+00 8.92931E-03
2.78463E-02 2.91175E+00 1.96340E+00 0.00000E+00 9.12181E-03
2.80216E-02 2.94436E+00 1.97443E+00 0.00000E+00 9.31657E-03
2.81970E-02 2.97710E+00 1.98522E+00 0.00000E+00 9.51440E-03
2.83724E-02 3.00997E+00 1.99580E+00 0.00000E+00 9.71493E-03
2.85480E-02 3.04296E+00 2.00620E+00 0.00000E+00 9.91756E-03
2.87237E-02 3.07609E+00 2.01638E+00 0.00000E+00 1.01226E-02
2.88995E-02 3.10934E+00 2.02635E+00 0.00000E+00 1.03305E-02
2.90754E-02 3.14272E+00 2.03606E+00 0.00000E+00 1.05414E-02
2.92514E-02 3.17622E+00 2.04562E+00 0.00000E+00 1.07538E-02
2.94276E-02 3.20985E+00 2.05491E+00 0.00000E+00 1.09694E-02
2.96038E-02 3.24361E+00 2.06398E+00 0.00000E+00 1.11869E-02
2.97802E-02 3.27749E+00 2.07280E+00 0.00000E+00 1.14083E-02
2.99567E-02 3.31149E+00 2.08141E+00 0.00000E+00 1.16317E-02
3.01333E-02 3.34561E+00 2.08978E+00 0.00000E+00 1.18576E-02
3.03101E-02 3.37986E+00 2.09791E+00 0.00000E+00 1.20860E-02
3.04870E-02 3.41423E+00 2.10581E+00 0.00000E+00 1.23167E-02
3.06640E-02 3.44872E+00 2.11346E+00 0.00000E+00 1.25501E-02
3.08412E-02 3.48334E+00 2.12084E+00 0.00000E+00 1.27871E-02
3.10185E-02 3.51807E+00 2.12800E+00 0.00000E+00 1.30255E-02
3.11960E-02 3.55292E+00 2.13490E+00 0.00000E+00 1.32658E-02
3.13736E-02 3.58789E+00 2.14154E+00 0.00000E+00 1.35093E-02
3.15513E-02 3.62298E+00 2.14791E+00 0.00000E+00 1.37558E-02
3.17292E-02 3.65818E+00 2.15402E+00 0.00000E+00 1.40046E-02
3.19073E-02 3.69351E+00 2.15989E+00 0.00000E+00 1.42556E-02
3.20856E-02 3.72895E+00 2.16551E+00 0.00000E+00 1.45089E-02
3.22640E-02 3.76451E+00 2.17082E+00 0.00000E+00 1.47653E-02
3.24425E-02 3.80019E+00 2.17587E+00 0.00000E+00 1.50241E-02
3.26213E-02 3.83598E+00 2.18065E+00 0.00000E+00 1.52852E-02
3.28002E-02 3.87188E+00 2.18514E+00 0.00000E+00 1.55491E-02
3.29793E-02 3.90791E+00 2.18937E+00 0.00000E+00 1.58152E-02
3.31586E-02 3.94405E+00 2.19333E+00 0.00000E+00 1.60836E-02
3.33380E-02 3.98030E+00 2.19696E+00 0.00000E+00 1.63535E-02
3.35177E-02 4.01667E+00 2.20034E+00 0.00000E+00 1.66268E-02
3.36976E-02 4.05315E+00 2.20342E+00 0.00000E+00 1.69046E-02
3.38776E-02 4.08974E+00 2.20620E+00 0.00000E+00 1.71832E-02
3.40579E-02 4.12645E+00 2.20871E+00 0.00000E+00 1.74636E-02
3.42384E-02 4.16328E+00 2.21089E+00 0.00000E+00 1.77474E-02
3.44191E-02 4.20021E+00 2.21281E+00 0.00000E+00 1.80328E-02
3.46000E-02 4.23727E+00 2.21442E+00 0.00000E+00 1.83203E-02
3.47811E-02 4.27443E+00 2.21571E+00 0.00000E+00 1.86113E-02
3.49625E-02 4.31171E+00 2.21674E+00 0.00000E+00 1.89035E-02
3.51441E-02 4.34910E+00 2.21743E+00 0.00000E+00 1.91978E-02
3.53260E-02 4.38661E+00 2.21783E+00 0.00000E+00 1.94958E-02
3.55081E-02 4.42423E+00 2.21789E+00 0.00000E+00 1.97952E-02
3.56904E-02 4.46196E+00 2.21767E+00 0.00000E+00 2.00965E-02
3.58730E-02 4.49981E+00 2.21709E+00 0.00000E+00 2.04017E-02
3.60559E-02 4.53777E+00 2.21622E+00 0.00000E+00 2.07076E-02
3.62390E-02 4.57584E+00 2.21506E+00 0.00000E+00 2.10157E-02
3.64224E-02 4.61403E+00 2.21355E+00 0.00000E+00 2.13257E-02
3.66061E-02 4.65234E+00 2.21169E+00 0.00000E+00 2.16386E-02
3.67901E-02 4.69076E+00 2.20954E+00 0.00000E+00 2.19544E-02
3.69744E-02 4.72929E+00 2.20704E+00 0.00000E+00 2.22747E-02
3.71590E-02 4.76794E+00 2.20421E+00 0.00000E+00 2.25925E-02
3.73439E-02 4.80671E+00 2.20109E+00 0.00000E+00 2.29124E-02
3.75291E-02 4.84560E+00 2.19761E+00 0.00000E+00 2.32361E-02
3.77146E-02 4.88460E+00 2.19379E+00 0.00000E+00 2.35622E-02
3.79005E-02 4.92372E+00 2.18964E+00 0.00000E+00 2.38901E-02
3.80867E-02 4.96295E+00 2.18515E+00 0.00000E+00 2.42187E-02
3.82732E-02 5.00231E+00 2.18031E+00 0.00000E+00 2.45517E-02
3.84602E-02 5.04179E+00 2.17513E+00 0.00000E+00 2.48858E-02
3.86474E-02 5.08138E+00 2.16961E+00 0.00000E+00 2.52232E-02
3.88351E-02 5.12110E+00 2.16374E+00 0.00000E+00 2.55582E-02
3.90231E-02 5.16094E+00 2.15755E+00 0.00000E+00 2.58974E-02
3.92115E-02 5.20090E+00 2.15096E+00 0.00000E+00 2.62389E-02
3.94004E-02 5.24099E+00 2.14404E+00 0.00000E+00 2.65825E-02
3.95896E-02 5.28120E+00 2.13677E+00 0.00000E+00 2.69254E-02
3.97793E-02 5.32154E+00 2.12914E+00 0.00000E+00 2.72767E-02
3.99693E-02 5.36200E+00 2.12121E+00 0.00000E+00 2.76218E-02
4.01599E-02 5.40260E+00 2.11277E+00 0.00000E+00 2.79738E-02
4.03509E-02 5.44332E+00 2.10411E+00 0.00000E+00 2.83253E-02
4.05423E-02 5.48417E+00 2.09500E+00 0.00000E+00 2.86791E-02
4.07342E-02 5.52516E+00 2.08559E+00 0.00000E+00 2.90338E-02
4.09267E-02 5.56628E+00 2.07581E+00 0.00000E+00 2.93902E-02
4.11196E-02 5.60754E+00 2.06565E+00 0.00000E+00 2.97485E-02
4.13130E-02 5.64893E+00 2.05506E+00 0.00000E+00 3.01093E-02
4.15069E-02 5.69046E+00 2.04420E+00 0.00000E+00 3.04696E-02
4.17014E-02 5.73213E+00 2.03292E+00 0.00000E+00 3.08324E-02
4.18965E-02 5.77395E+00 2.02124E+00 0.00000E+00 3.11970E-02
4.20921E-02 5.81591E+00 2.00916E+00 0.00000E+00 3.15636E-02
4.22883E-02 5.85801E+00 1.99674E+00 0.00000E+00 3.19303E-02
4.24851E-02 5.90026E+00 1.98395E+00 0.00000E+00 3.22983E-02
4.26825E-02 5.94267E+00 1.97077E+00 0.00000E+00 3.26699E-02
4.28805E-02 5.98523E+00 1.95715E+00 0.00000E+00 3.30394E-02
4.30792E-02 6.02794E+00 1.94318E+00 0.00000E+00 3.34117E-02
4.32785E-02 6.07081E+00 1.92890E+00 0.00000E+00 3.37835E-02
4.34786E-02 6.11384E+00 1.91411E+00 0.00000E+00 3.41618E-02
4.36793E-02 6.15704E+00 1.89902E+00 0.00000E+00 3.45338E-02
4.38807E-02 6.20040E+00 1.88342E+00 0.00000E+00 3.49107E-02
4.40829E-02 6.24393E+00 1.86752E+00 0.00000E+00 3.52825E-02
4.42858E-02 6.28764E+00 1.85117E+00 0.00000E+00 3.56662E-02
4.44895E-02 6.33151E+00 1.83447E+00 0.00000E+00 3.60448E-02
4.46940E-02 6.37557E+00 1.81729E+00 0.00000E+00 3.64284E-02
4.48994E-02 6.41981E+00 1.79979E+00 0.00000E+00 3.68056E-02
4.51056E-02 6.46424E+00 1.78180E+00 0.00000E+00 3.71876E-02
4.53126E-02 6.50886E+00 1.76337E+00 0.00000E+00 3.75709E-02
4.55205E-02 6.55367E+00 1.74468E+00 0.00000E+00 3.79520E-02
4.57294E-02 6.59868E+00 1.72546E+00 0.00000E+00 3.83358E-02
4.59392E-02 6.64390E+00 1.70576E+00 0.00000E+00 3.87211E-02
4.61500E-02 6.68932E+00 1.68577E+00 0.00000E+00 3.91046E-02
4.63617E-02 6.73495E+00 1.66527E+00 0.00000E+00 3.94899E-02
4.65746E-02 6.78080E+00 1.64442E+00 0.00000E+00 3.98741E-02
4.67884E-02 6.82688E+00 1.62304E+00 0.00000E+00 4.02605E-02
4.70034E-02 6.87318E+00 1.60118E+00 0.00000E+00 4.06468E-02
4.72195E-02 6.91971E+00 1.57906E+00 0.00000E+00 4.10323E-02
4.74367E-02 6.96649E+00 1.55646E+00 0.00000E+00 4.14172E-02
4.76552E-02 7.01350E+00 1.53317E+00 0.00000E+00 4.18056E-02
4.78748E-02 7.06078E+00 1.50987E+00 0.00000E+00 4.21880E-02
4.80958E-02 7.10831E+00 1.48584E+00 0.00000E+00 4.25742E-02
4.83180E-02 7.15610E+00 1.46121E+00 0.00000E+00 4.29622E-02
4.85417E-02 7.20417E+00 1.43637E+00 0.00000E+00 4.33468E-02
4.87667E-02 7.25252E+00 1.41123E+00 0.00000E+00 4.37307E-02
4.89931E-02 7.30114E+00 1.38516E+00 0.00000E+00 4.41152E-02
4.92211E-02 7.35009E+00 1.35901E+00 0.00000E+00 4.45002E-02
4.94505E-02 7.39931E+00 1.33205E+00 0.00000E+00 4.48825E-02
4.96816E-02 7.44887E+00 1.30498E+00 0.00000E+00 4.52634E-02
4.99143E-02 7.49874E+00 1.27721E+00 0.00000E+00 4.56460E-02
5.01487E-02 7.54895E+00 1.24911E+00 0.00000E+00 4.60245E-02
5.03849E-02 7.59950E+00 1.22026E+00 0.00000E+00 4.64045E-02
5.06229E-02 7.65041E+00 1.19108E+00 0.00000E+00 4.67836E-02
5.08627E-02 7.70169E+00 1.16149E+00 0.00000E+00 4.71599E-02
5.11045E-02 7.75333E+00 1.13124E+00 0.00000E+00 4.75345E-02
5.13484E-02 7.80537E+00 1.10057E+00 0.00000E+00 4.79070E-02
5.15943E-02 7.85782E+00 1.06943E+00 0.00000E+00 4.82784E-02
5.18424E-02 7.91068E+00 1.03758E+00 0.00000E+00 4.86487E-02
5.20927E-02 7.96397E+00 1.00531E+00 0.00000E+00 4.90157E-02
5.23454E-02 8.01772E+00 9.72486E-01 0.00000E+00 4.93813E-02
5.26005E-02 8.07192E+00 9.39062E-01 0.00000E+00 4.97461E-02
5.28582E-02 8.12661E+00 9.05203E-01 0.00000E+00 5.01056E-02
5.31184E-02 8.18179E+00 8.70771E-01 0.00000E+00 5.04637E-02
5.33814E-02 8.23749E+00 8.35795E-01 0.00000E+00 5.08154E-02
5.36472E-02 8.29372E+00 8.00065E-01 0.00000E+00 5.11692E-02
5.39159E-02 8.35051E+00 7.63842E-01 0.00000E+00 5.15161E-02
5.41878E-02 8.40789E+00 7.27240E-01 0.00000E+00 5.18599E-02
5.44628E-02 8.46587E+00 6.89909E-01 0.00000E+00 5.21996E-02
5.47412E-02 8.52447E+00 6.51910E-01 0.00000E+00 5.25362E-02
5.50231E-02 8.58373E+00 6.13305E-01 0.00000E+00 5.28680E-02
5.53086E-02 8.64367E+00 5.74284E-01 0.00000E+00 5.31923E-02
5.55979E-02 8.70432E+00 5.34567E-01 0.00000E+00 5.35125E-02
5.58912E-02 8.76571E+00 4.93982E-01 0.00000E+00 5.38293E-02
5.61887E-02 8.82788E+00 4.53075E-01 0.00000E+00 5.41359E-02
5.64905E-02 8.89086E+00 4.11297E-01 0.00000E+00 5.44393E-02
5.67970E-02 8.95469E+00 3.68903E-01 0.00000E+00 5.47350E-02
5.71082E-02 9.01941E+00 3.25881E-01 0.00000E+00 5.50228E-02
5.74245E-02 9.08506E+00 2.82062E-01 0.00000E+00 5.53044E-02
5.77461E-02 9.15169E+00 2.37821E-01 0.00000E+00 5.55728E-02
5.80733E-02 9.21935E+00 1.92755E-01 0.00000E+00 5.58344E-02
5.84064E-02 9.28809E+00 1.46853E-01 0.00000E+00 5.60875E-02
5.87457E-02 9.35797E+00 1.00345E-01 0.00000E+00 5.63286E-02
5.90916E-02 9.42905E+00 5.31887E-02 0.00000E+00 5.65562E-02
5.94444E-02 9.50139E+00 5.18167E-03 0.00000E+00 5.67740E-02
5.98046E-02 9.57508E+00 -4.35117E-02 0.00000E+00 5.69773E-02
6.01726E-02 9.65018E+00 -9.29079E-02 0.00000E+00 5.71652E-02
6.05489E-02 9.72678E+00 -1.42942E-01 0.00000E+00 5.73362E-02
6.09340E-02 9.80498E+00 -1.93985E-01 0.00000E+00 5.74931E-02
6.13285E-02 9.88486E+00 -2.45691E-01 0.00000E+00 5.76309E-02
6.17329E-02 9.96655E+00 -2.97991E-01 0.00000E+00 5.77460E-02
6.21481E-02 1.00502E+01 -3.51141E-01 0.00000E+00 5.78405E-02
6.25747E-02 1.01358E+01 -4.05002E-01 0.00000E+00 5.79109E-02
6.30137E-02 1.02237E+01 -4.59453E-01 0.00000E+00 5.79526E-02
6.34658E-02 1.03139E+01 -5.14690E-01 0.00000E+00 5.79678E-02
6.39322E-02 1.04066E+01 -5.70376E-01 0.00000E+00 5.79479E-02
6.44140E-02 1.05020E+01 -6.26803E-01 0.00000E+00 5.78956E-02
6.49124E-02 1.06004E+01 -6.83824E-01 0.00000E+00 5.78053E-02
6.54290E-02 1.07020E+01 -7.41477E-01 0.00000E+00 5.76774E-02
6.59652E-02 1.08070E+01 -7.98959E-01 0.00000E+00 5.74890E-02
6.65229E-02 1.09157E+01 -8.57051E-01 0.00000E+00 5.72558E-02
6.71043E-02 1.10285E+01 -9.15255E-01 0.00000E+00 5.69701E-02
6.77115E-02 1.11458E+01 -9.73155E-01 0.00000E+00 5.66058E-02
6.83474E-02 1.12681E+01 -1.03069E+00 0.00000E+00 5.61725E-02
6.90149E-02 1.13957E+01 -1.08761E+00 0.00000E+00 5.56589E-02
6.97176E-02 1.15293E+01 -1.14351E+00 0.00000E+00 5.50527E-02
7.04598E-02 1.16696E+01 -1.19733E+00 0.00000E+00 5.43350E-02
7.12461E-02 1.18173E+01 -1.24909E+00 0.00000E+00 5.35008E-02
7.20823E-02 1.19733E+01 -1.29768E+00 0.00000E+00 5.25310E-02
7.29751E-02 1.21386E+01 -1.34212E+00 0.00000E+00 5.14081E-02
7.39322E-02 1.23145E+01 -1.38052E+00 0.00000E+00 5.01045E-02
7.49633E-02 1.25025E+01 -1.41165E+00 0.00000E+00 4.86033E-02
7.60795E-02 1.27041E+01 -1.43224E+00 0.00000E+00 4.68671E-02
7.72942E-02 1.29215E+01 -1.43959E+00 0.00000E+00 4.48714E-02
7.86236E-02 1.31569E+01 -1.42985E+00 0.00000E+00 4.25918E-02
8.00869E-02 1.34130E+01 -1.39701E+00 0.00000E+00 3.99924E-02
8.17066E-02 1.36931E+01 -1.33417E+00 0.00000E+00 3.70556E-02
8.35086E-02 1.40006E+01 -1.23295E+00 0.00000E+00 3.37943E-02
8.55218E-02 1.43392E+01 -1.08315E+00 0.00000E+00 3.02633E-02
8.77760E-02 1.47125E+01 -8.73365E-01 0.00000E+00 2.65945E-02
9.02982E-02 1.51234E+01 -5.93018E-01 0.00000E+00 2.30448E-02
9.31079E-02 1.55734E+01 -2.36578E-01 0.00000E+00 2.00527E-02
9.62095E-02 1.60616E+01 1.92323E-01 0.00000E+00 1.82417E-02
9.95885E-02 1.65845E+01 6.75129E-01 0.00000E+00 1.83789E-02
1.03211E-01 1.71361E+01 1.17540E+00 0.00000E+00 2.12394E-02
1.07030E-01 1.77089E+01 1.64299E+00 0.00000E+00 2.73811E-02
1.10997E-01 1.82957E+01 2.02262E+00 0.00000E+00 3.69519E-02
1.15068E-01 1.88900E+01 2.26443E+00 0.00000E+00 4.95876E-02
1.19209E-01 1.94870E+01 2.33337E+00 0.00000E+00 6.44215E-02
1.23395E-01 2.00828E+01 2.21472E+00 0.00000E+00 8.01949E-02
1.27609E-01 2.06747E+01 1.91571E+00 0.00000E+00 9.54227E-02
1.31841E-01 2.12604E+01 1.46405E+00 0.00000E+00 1.08587E-01
1.36084E-01 2.18382E+01 9.04463E-01 0.00000E+00 1.18319E-01
1.40333E-01 2.24068E+01 2.92939E-01 0.00000E+00 1.23584E-01
1.44587E-01 2.29653E+01 -3.09005E-01 0.00000E+00 1.23790E-01
1.48843E-01 2.35128E+01 -8.41168E-01 0.00000E+00 1.18901E-01
1.53100E-01 2.40491E+01 -1.25177E+00 0.00000E+00 1.09437E-01
1.57359E-01 2.45739E+01 -1.50101E+00 0.00000E+00 9.64193E-02
1.61618E-01 2.50876E+01 -1.56633E+00 0.00000E+00 8.13026E-02
1.65877E-01 2.55904E+01 -1.44428E+00 0.00000E+00 6.58017E-02
1.70136E-01 2.60830E+01 -1.15049E+00 0.00000E+00 5.17147E-02
1.74396E-01 2.65662E+01 -7.17072E-01 0.00000E+00 4.06940E-02
1.78656E-01 2.70406E+01 -1.90153E-01 0.00000E+00 3.41496E-02
1.82915E-01 2.75072E+01 3.75868E-01 0.00000E+00 3.30098E-02
1.87175E-01 2.79668E+01 9.23471E-01 0.00000E+00 3.76123E-02
1.91435E-01 2.84199E+01 1.39848E+00 0.00000E+00 4.76964E-02
1.95695E-01 2.88674E+01 1.75490E+00 0.00000E+00 6.24336E-02
1.99955E-01 2.93096E+01 1.96015E+00 0.00000E+00 8.04610E-02
2.04215E-01 2.97465E+01 1.99728E+00 0.00000E+00 1.00070E-01
2.08474E-01 3.01784E+01 1.86629E+00 0.00000E+00 1.19371E-01
2.12734E-01 3.06052E+01 1.58450E+00 0.00000E+00 1.36492E-01
2.16994E-01 3.10267E+01 1.18365E+00 0.00000E+00 1.49795E-01
2.21254E-01 3.14429E+01 7.06517E-01 0.00000E+00 1.58032E-01
2.25514E-01 3.18534E+01 2.02327E-01 0.00000E+00 1.60490E-01
2.29774E-01 3.22582E+01 -2.78119E-01 0.00000E+00 1.57065E-01
2.34033E-01 3.26570E+01 -6.88971E-01 0.00000E+00 1.48278E-01
2.38293E-01 3.30499E+01 -9.90980E-01 0.00000E+00 1.35175E-01
2.42553E-01 3.34368E+01 -1.15831E+00 0.00000E+00 1.19262E-01
2.46813E-01 3.38174E+01 -1.17872E+00 0.00000E+00 1.02333E-01
2.51073E-01 3.41928E+01 -1.05508E+00 0.00000E+00 8.62384E-02
2.55333E-01 3.45629E+01 -8.04027E-01 0.00000E+00 7.27442E-02
2.59592E-01 3.49277E+01 -4.54495E-01 0.00000E+00 6.32837E-02
2.63852E-01 3.52877E+01 -4.45262E-02 0.00000E+00 5.88802E-02
2.68112E-01 3.56433E+01 3.83437E-01 0.00000E+00 5.99984E-02
2.72372E-01 3.59946E+01 7.87483E-01 0.00000E+00 6.65190E-02
2.76632E-01 3.63422E+01 1.12893E+00 0.00000E+00 7.77858E-02
2.80892E-01 3.66860E+01 1.37667E+00 0.00000E+00 9.26348E-02
2.85151E-01 3.70264E+01 1.51064E+00 0.00000E+00 1.09589E-01
2.89411E-01 3.73634E+01 1.52235E+00 0.00000E+00 1.26976E-01
2.93671E-01 3.76971E+01 1.41553E+00 0.00000E+00 1.43123E-01
2.97931E-01 3.80276E+01 1.20555E+00 0.00000E+00 1.56542E-01
3.02191E-01 3.83548E+01 9.17319E-01 0.00000E+00 1.66046E-01
3.06451E-01 3.86786E+01 5.82102E-01 0.00000E+00 1.70909E-01
3.10710E-01 3.89990E+01 2.34611E-01 0.00000E+00 1.70884E-01
3.14970E-01 3.93160E+01 -9.12943E-02 0.00000E+00 1.66240E-01
3.19230E-01 3.96297E+01 -3.65016E-01 0.00000E+00 1.57712E-01
3.23490E-01 3.99396E+01 -5.62192E-01 0.00000E+00 1.46379E-01
3.27750E-01 4.02459E+01 -6.67906E-01 0.00000E+00 1.33589E-01
3.32010E-01 4.05489E+01 -6.75803E-01 0.00000E+00 1.20769E-01
3.36269E-01 4.08483E+01 -5.90489E-01 0.00000E+00 1.09310E-01
3.40529E-01 4.11446E+01 -4.23945E-01 0.00000E+00 1.00405E-01
3.44789E-01 4.14375E+01 -1.96814E-01 0.00000E+00 9.48740E-02
3.49049E-01 4.17273E+01 6.66663E-02 0.00000E+00 9.32548E-02
3.53309E-01 4.20142E+01 3.38540E-01 0.00000E+00 9.56133E-02
3.57569E-01 4.22984E+01 5.93301E-01 0.00000E+00 1.01597E-01
3.61828E-01 4.25799E+01 8.07523E-01 0.00000E+00 1.10525E-01
3.66088E-01 4.28587E+01 9.63006E-01 0.00000E+00 1.21470E-01
3.70348E-01 4.31353E+01 1.04804E+00 0.00000E+00 1.33304E-01
3.74608E-01 4.34093E+01 1.05878E+00 0.00000E+00 1.44883E-01
3.78868E-01 4.36810E+01 9.98358E-01 0.00000E+00 1.55173E-01
3.83128E-01 4.39503E+01 8.76684E-01 0.00000E+00 1.63304E-01
3.87387E-01 4.42175E+01 7.09443E-01 0.00000E+00 1.68598E-01
3.91647E-01 4.44824E+01 5.14241E-01 0.00000E+00 1.70926E-01
3.95907E-01 4.47449E+01 3.12335E-01 0.00000E+00 1.70177E-01
4.00167E-01 4.50052E+01 1.22401E-01 0.00000E+00 1.66731E-01
4.04427E-01 4.52632E+01 -3.77990E-02 0.00000E+00 1.61166E-01
4.08687E-01 4.55188E+01 -1.54769E-01 0.00000E+00 1.54222E-01
4.12946E-01 4.57723E+01 -2.20658E-01 0.00000E+00 1.46763E-01
4.17206E-01 4.60236E+01 -2.31410E-01 0.00000E+00 1.39596E-01
4.21466E-01 4.62725E+01 -1.90240E-01 0.00000E+00 1.33495E-01
4.25726E-01 4.65192E+01 -1.04234E-01 0.00000E+00 1.29072E-01
4.29986E-01 4.67638E+01 1.67395E-02 0.00000E+00 1.26706E-01
4.34246E-01 4.70063E+01 1.56515E-01 0.00000E+00 1.26568E-01
4.38505E-01 4.72467E+01 3.03976E-01 0.00000E+00 1.28590E-01
4.42765E-01 4.74851E+01 4.43270E-01 0.00000E+00 1.32480E-01
4.47025E-01 4.77216E+01 5.62597E-01 0.00000E+00 1.37813E-01
4.51285E-01 4.79562E+01 6.51554E-01 0.00000E+00 1.44037E-01
4.55545E-01 4.81891E+01 7.04549E-01 0.00000E+00 1.50556E-01
4.59805E-01 4.84201E+01 7.19309E-01 0.00000E+00 1.56784E-01
4.64064E-01 4.86493E+01 6.96324E-01 0.00000E+00 1.62218E-01
4.68324E-01 4.88767E+01 6.41294E-01 0.00000E+00 1.66457E-01
4.72584E-01 4.91025E+01 5.61386E-01 0.00000E+00 1.69246E-01
4.76844E-01 4.93266E+01 4.65620E-01 0.00000E+00 1.70530E-01
4.81104E-01 4.95491E+01 3.64399E-01 0.00000E+00 1.70336E-01
4.85364E-01 4.97698E+01 2.67635E-01 0.00000E+00 1.68862E-01
4.89624E-01 4.99890E+01 1.83407E-01 0.00000E+00 1.66428E-01
4.93883E-01 5.02065E+01 1.19328E-01 0.00000E+00 1.63424E-01
4.98143E-01 5.04224E+01 7.96039E-02 0.00000E+00 1.60203E-01
5.02403E-01 5.06367E+01 6.62030E-02 0.00000E+00 1.57157E-01
5.06663E-01 5.08494E+01 7.84549E-02 0.00000E+00 1.54636E-01
5.10923E-01 5.10607E+01 1.14049E-01 0.00000E+00 1.52862E-01
5.15183E-01 5.12704E+01 1.67264E-01 0.00000E+00 1.52019E-01
5.19442E-01 5.14786E+01 2.32361E-01 0.00000E+00 1.52158E-01
5.23702E-01 5.16853E+01 3.03260E-01 0.00000E+00 1.53239E-01
5.27962E-01 5.18906E+01 3.71973E-01 0.00000E+00 1.55131E-01
5.32222E-01 5.20945E+01 4.32948E-01 0.00000E+00 1.57685E-01
5.36482E-01 5.22969E+01 4.81442E-01 0.00000E+00 1.60598E-01
5.40742E-01 5.24979E+01 5.14462E-01 0.00000E+00 1.63674E-01
5.45001E-01 5.26977E+01 5.29582E-01 0.00000E+00 1.66662E-01
5.49261E-01 5.28959E+01 5.26894E-01 0.00000E+00 1.69367E-01
5.53521E-01 5.30929E+01 5.08278E-01 0.00000E+00 1.71620E-01
5.57781E-01 5.32885E+01 4.76593E-01 0.00000E+00 1.73310E-01
5.62041E-01 5.34831E+01 4.35696E-01 0.00000E+00 1.74395E-01
5.66301E-01 5.36761E+01 3.90334E-01 0.00000E+00 1.74871E-01
5.70560E-01 5.38680E+01 3.44083E-01 0.00000E+00 1.74824E-01
5.74820E-01 5.40587E+01 3.03160E-01 0.00000E+00 1.74303E-01
5.79080E-01 5.42480E+01 2.69047E-01 0.00000E+00 1.73518E-01
5.83340E-01 5.44362E+01 2.45852E-01 0.00000E+00 1.72561E-01
5.87600E-01 5.46233E+01 2.32658E-01 0.00000E+00 1.71621E-01
5.91860E-01 5.48091E+01 2.32154E-01 0.00000E+00 1.70791E-01
5.96119E-01 5.49938E+01 2.42861E-01 0.00000E+00 1.70205E-01
6.00379E-01 5.51772E+01 2.62544E-01 0.00000E+00 1.69930E-01
6.04639E-01 5.53594E+01 2.89373E-01 0.00000E+00 1.70017E-01
6.08899E-01 5.55408E+01 3.20194E-01 0.00000E+00 1.70470E-01
6.13159E-01 5.57209E+01 3.52405E-01 0.00000E+00 1.71269E-01
6.17419E-01 5.59002E+01 3.81979E-01 0.00000E+00 1.72369E-01
6.21678E-01 5.60782E+01 4.08742E-01 0.00000E+00 1.73674E-01
6.25938E-01 5.62550E+01 4.28581E-01 0.00000E+00 1.75114E-01
6.30198E-01 5.64309E+01 4.41264E-01 0.00000E+00 1.76621E-01
6.34458E-01 5.66056E+01 4.46865E-01 0.00000E+00 1.78056E-01
6.38718E-01 5.67794E+01 4.43961E-01 0.00000E+00 1.79409E-01
6.42978E-01 5.69524E+01 4.34614E-01 0.00000E+00 1.80587E-01
6.47237E-01 5.71243E+01 4.20063E-01 0.00000E+00 1.81546E-01
6.51497E-01 5.72951E+01 4.02383E-01 0.00000E+00 1.82262E-01
6.55757E-01 5.74649E+01 3.82954E-01 0.00000E+00 1.82746E-01
6.60017E-01 5.76338E+01 3.64065E-01 0.00000E+00 1.83020E-01
6.64277E-01 5.78018E+01 3.47000E-01 0.00000E+00 1.83126E-01
6.68537E-01 5.79684E+01 3.33527E-01 0.00000E+00 1.83099E-01
6.72796E-01 5.81344E+01 3.24586E-01 0.00000E+00 1.82990E-01
6.77056E-01 5.82995E+01 3.20231E-01 0.00000E+00 1.82885E-01
6.81316E-01 5.84638E+01 3.20912E-01 0.00000E+00 1.82813E-01
6.85576E-01 5.86270E+01 3.26699E-01 0.00000E+00 1.82828E-01
6.89836E-01 5.87893E+01 3.35595E-01 0.00000E+00 1.82962E-01
6.94096E-01 5.89508E+01 3.47478E-01 0.00000E+00 1.83240E-01
6.98355E-01 5.91113E+01 3.60943E-01 0.00000E+00 1.83655E-01
7.02615E-01 5.92709E+01 3.74836E-01 0.00000E+00 1.84235E-01
7.06875E-01 5.94297E+01 3.87425E-01 0.00000E+00 1.84932E-01
7.11135E-01 5.95878E+01 3.98664E-01 0.00000E+00 1.85728E-01
7.15395E-01 5.97449E+01 4.07014E-01 0.00000E+00 1.86580E-01
7.19655E-01 5.99011E+01 4.12545E-01 0.00000E+00 1.87460E-01
7.23914E-01 6.00565E+01 4.14608E-01 0.00000E+00 1.88335E-01
7.28174E-01 6.02112E+01 4.14202E-01 0.00000E+00 1.89144E-01
7.32434E-01 6.03651E+01 4.10609E-01 0.00000E+00 1.89899E-01
7.36694E-01 6.05181E+01 4.04986E-01 0.00000E+00 1.90557E-01
7.40954E-01 6.06704E+01 3.97955E-01 0.00000E+00 1.91119E-01
7.45214E-01 6.08219E+01 3.90962E-01 0.00000E+00 1.91566E-01
7.49473E-01 6.09727E+01 3.83794E-01 0.00000E+00 1.91928E-01
7.53733E-01 6.11226E+01 3.77581E-01 0.00000E+00 1.92210E-01
7.57993E-01 6.12719E+01 3.72875E-01 0.00000E+00 1.92440E-01
7.62253E-01 6.14202E+01 3.69993E-01 0.00000E+00 1.92637E-01
7.66513E-01 6.15679E+01 3.68506E-01 0.00000E+00 1.92828E-01
7.70773E-01 6.17147E+01 3.69169E-01 0.00000E+00 1.93037E-01
7.75032E-01 6.18609E+01 3.72042E-01 0.00000E+00 1.93283E-01
7.79292E-01 6.20064E+01 3.75698E-01 0.00000E+00 1.93580E-01
7.83552E-01 6.21512E+01 3.80976E-01 0.00000E+00 1.93935E-01
7.87812E-01 6.22952E+01 3.86466E-01 0.00000E+00 1.94354E-01
7.92072E-01 6.24385E+01 3.92491E-01 0.00000E+00 1.94830E-01
7.96332E-01 6.25812E+01 3.97796E-01 0.00000E+00 1.95357E-01
8.00591E-01 6.27231E+01 4.02496E-01 0.00000E+00 1.95919E-01
8.04851E-01 6.28643E+01 4.06119E-01 0.00000E+00 1.96506E-01
8.09111E-01 6.30050E+01 4.08574E-01 0.00000E+00 1.97099E-01
8.13371E-01 6.31448E+01 4.10195E-01 0.00000E+00 1.97682E-01
8.17631E-01 6.32841E+01 4.10038E-01 0.00000E+00 1.98246E-01
8.21891E-01 6.34226E+01 4.09175E-01 0.00000E+00 1.98776E-01
8.26150E-01 6.35606E+01 4.07303E-01 0.00000E+00 1.99269E-01
8.30410E-01 6.36978E+01 4.05187E-01 0.00000E+00 1.99721E-01
8.34670E-01 6.38345E+01 4.02700E-01 0.00000E+00 2.00132E-01
8.38930E-01 6.39706E+01 4.00170E-01 0.00000E+00 2.00513E-01
8.43190E-01 6.41060E+01 3.98561E-01 0.00000E+00 2.00854E-01
8.47450E-01 6.42406E+01 3.97008E-01 0.00000E+00 2.01179E-01
8.51709E-01 6.43750E+01 3.96201E-01 0.00000E+00 2.01493E-01
8.55969E-01 6.45083E+01 3.96248E-01 0.00000E+00 2.01803E-01
8.60229E-01 6.46412E+01 3.97003E-01 0.00000E+00 2.02119E-01
8.64489E-01 6.47736E+01 3.98359E-01 0.00000E+00 2.02449E-01
8.68749E-01 6.49054E+01 4.00256E-01 0.00000E+00 2.02794E-01
8.73009E-01 6.50364E+01 4.02855E-01 0.00000E+00 2.03163E-01
8.77269E-01 6.51672E+01 4.05270E-01 0.00000E+00 2.03553E-01
8.81528E-01 6.52971E+01 4.07872E-01 0.00000E+00 2.03961E-01
8.85788E-01 6.54268E+01 4.10260E-01 0.00000E+00 2.04389E-01
8.90048E-01 6.55556E+01 4.12684E-01 0.00000E+00 2.04828E-01
8.94308E-01 6.56840E+01 4.14932E-01 0.00000E+00 2.05276E-01
8.98568E-01 6.58119E+01 4.16117E-01 0.00000E+00 2.05726E-01
9.02828E-01 6.59390E+01 4.17129E-01 0.00000E+00 2.06172E-01
9.07087E-01 6.60657E+01 4.17614E-01 0.00000E+00 2.06612E-01
9.11347E-01 6.61918E+01 4.17779E-01 0.00000E+00 2.07041E-01
9.15607E-01 6.63174E+01 4.17577E-01 0.00000E+00 2.07456E-01
9.19867E-01 6.64425E+01 4.17218E-01 0.00000E+00 2.07855E-01
9.87020E-01 6.83484E+01 4.26777E-01 0.00000E+00 2.13502E-01
1.07504E+00 7.06735E+01 4.38360E-01 0.00000E+00 2.20640E-01
1.20041E+00 7.36966E+01 4.54646E-01 0.00000E+00 2.29915E-01
1.39715E+00 7.78946E+01 4.79035E-01 0.00000E+00 2.42779E-01
1.71267E+00 8.35880E+01 5.12133E-01 0.00000E+00 2.60240E-01
2.15122E+00 9.00324E+01 5.49982E-01 0.00000E+00 2.80018E-01
2.70812E+00 9.66048E+01 5.89246E-01 0.00000E+00 3.00200E-01
3.40933E+00 1.03231E+02 6.29038E-01 0.00000E+00 3.20553E-01
4.29209E+00 1.09902E+02 6.69327E-01 0.00000E+00 3.41051E-01
5.40342E+00 1.16609E+02 7.09948E-01 0.00000E+00 3.61663E-01
6.80250E+00 1.23347E+02 7.50819E-01 0.00000E+00 3.82376E-01
8.56384E+00 1.30110E+02 7.91925E-01 0.00000E+00 4.03164E-01
1.07812E+01 1.36898E+02 8.33199E-01 0.00000E+00 4.24032E-01
1.35728E+01 1.43698E+02 8.74577E-01 0.00000E+00 4.44936E-01
1.70871E+01 1.50510E+02 9.16059E-01 0.00000E+00 4.65881E-01
2.15114E+01 1.57337E+02 9.57634E-01 0.00000E+00 4.86871E-01
2.70812E+01 1.64169E+02 9.99241E-01 0.00000E+00 5.07875E-01
3.40933E+01 1.71017E+02 1.04097E+00 0.00000E+00 5.28932E-01
4.29209E+01 1.77873E+02 1.08274E+00 0.00000E+00 5.50015E-01
5.40342E+01 1.84713E+02 1.12439E+00 0.00000E+00 5.71045E-01
6.80250E+01 1.91577E+02 1.16619E+00 0.00000E+00 5.92152E-01
8.56384E+01 1.98438E+02 1.20796E+00 0.00000E+00 6.13250E-01
1.07812E+02 2.05298E+02 1.24970E+00 0.00000E+00 6.34345E-01
1.35728E+02 2.12163E+02 1.29142E+00 0.00000E+00 6.55460E-01
1.70871E+02 2.19027E+02 1.33308E+00 0.00000E+00 6.76577E-01
2.15114E+02 2.25897E+02 1.37466E+00 0.00000E+00 6.97718E-01
2.70812E+02 2.32776E+02 1.41613E+00 0.00000E+00 7.18899E-01
3.40933E+02 2.39648E+02 1.45727E+00 0.00000E+00 7.40074E-01
4.29209E+02 2.46515E+02 1.49791E+00 0.00000E+00 7.61265E-01
5.40342E+02 2.53385E+02 1.53783E+00 0.00000E+00 7.82513E-01
6.80250E+02 2.60269E+02 1.57661E+00 0.00000E+00 8.03879E-01
8.56384E+02 2.67130E+02 1.61328E+00 0.00000E+00 8.25300E-01
1.07812E+03 2.73974E+02 1.64670E+00 0.00000E+00 8.46866E-01
1.35728E+03 2.80878E+02 1.67541E+00 0.00000E+00 8.68937E-01
1.70871E+03 2.87757E+02 1.69596E+00 0.00000E+00 8.91430E-01
2.15114E+03 2.94622E+02 1.70380E+00 0.00000E+00 9.14658E-01
2.70812E+03 3.01504E+02 1.69236E+00 0.00000E+00 9.39115E-01
3.40933E+03 3.08387E+02 1.65205E+00 0.00000E+00 9.65287E-01
